OPENBVE15311
#ACCELERATION
1,1,25,25,1
1,1,25,25,1
1,1,25,25,1
1,1,25,25,1
1,1,25,25,1
1,1,25,25,1
1,1,25,25,1
1,1,25,25,1
#PERFORMANCE
1              ; Deceleration
0.35           ; CoefficientOfStaticFriction
0              ; Reserved (not used)
0.0025         ; CoefficientOfRollingResistance
1.2            ; AerodynamicDragCoefficient
#DELAY
0,0,0,0,0,0,0,0; DelayPowerUp
0,0,0,0,0,0,0,0; DelayPowerDown
0,0,0,0,0,0,0,0; DelayBrakeUp
0,0,0,0,0,0,0,0; DelayBrakeDown
0,0,0,0,0,0,0,0; DelayLocoBrakeUp (1.5.3.4+)
0,0,0,0,0,0,0,0; DelayLocoBrakeDown (1.5.3.4+)
#MOVE
1000           ; JerkPowerUp
1000           ; JerkPowerDown
1000           ; JerkBrakeUp
1000           ; JerkBrakeDown
300            ; BrakeCylinderUp
200            ; BrakeCylinderDown
#BRAKE
0              ; BrakeType
0              ; BrakeControlSystem
0              ; BrakeControlSpeed
0              ; LocoBrakeType (1.5.3.4+)
#PRESSURE
480            ; BrakeCylinderServiceMaximumPressure
480            ; BrakeCylinderEmergencyMaximumPressure
690            ; MainReservoirMinimumPressure
780            ; MainReservoirMaximumPressure
637.5          ; BrakePipeNormalPressure
#HANDLE
0              ; HandleType
8              ; PowerNotches
8              ; BrakeNotches
0              ; PowerNotchReduceSteps
0              ; EbHandleBehaviour (1.5.3.3+)
0              ; LocoBrakeNotches (1.5.3.4+)
0              ; LocoBrakeType (1.5.3.4+)
8              ; DriverPowerNotches
8              ; DriverBrakeNotches
#CAB
0              ; X
0              ; Y
0              ; Z
0              ; DriverCar
#CAR
40             ; MotorCarMass
1              ; NumberOfMotorCars
40             ; TrailerCarMass
1              ; NumberOfTrailerCars
20             ; LengthOfACar
0              ; FrontCarIsAMotorCar
2.6            ; WidthOfACar
3.2            ; HeightOfACar
1.5            ; CenterOfGravityHeight
5              ; ExposedFrontalArea
1.6            ; UnexposedFrontalArea
#DEVICE
0              ; Ats
0              ; Atc
0              ; Eb
0              ; ConstSpeed
0              ; HoldBrake
0              ; ReAdhesionDevice
0              ; Reserved (not used)
0              ; PassAlarm
0              ; DoorOpenMode
0              ; DoorCloseMode
1000           ; DoorWidth
0              ; DoorMaxTolerance
#MOTOR_P1
2,61.36,128
2,62.11,128
2,62.86,254.9
2,63.61,254.9
2,64.35,254.9
2,65.1,254.9
2,65.85,254.9
2,66.6,254.9
2,67.35,254.91
2,68.1,254.91
2,68.85,254.91
2,69.6,254.91
2,70.34,254.91
2,71.09,254.91
2,71.84,254.91
2,72.59,254.91
2,73.34,254.91
2,74.09,254.91
2,74.84,254.91
2,75.59,254.92
2,76.34,254.92
2,77.08,254.92
2,77.83,254.92
2,78.58,254.92
2,79.33,254.92
2,80.08,254.92
2,80.83,254.92
2,81.58,254.92
2,82.33,254.92
2,83.07,254.93
2,83.82,254.93
2,84.57,254.93
2,85.32,254.93
2,86.07,254.93
2,86.82,254.93
2,87.57,254.93
2,88.32,254.93
2,89.07,254.93
2,89.81,254.93
2,90.56,254.93
2,91.31,254.94
2,92.06,254.94
2,92.81,254.94
2,93.56,254.94
2,94.31,254.94
2,95.06,254.94
2,95.8,254.94
2,96.55,254.94
2,97.3,254.94
2,98.05,254.94
2,98.8,254.94
2,98.78,254.95
2,98.77,254.95
2,98.76,254.95
2,98.75,254.95
2,98.74,254.95
2,98.73,254.95
2,98.72,254.95
2,98.71,254.95
2,98.7,254.95
2,98.69,254.95
2,98.68,254.96
2,98.67,254.96
2,98.66,254.96
2,98.65,254.96
2,98.64,254.96
2,98.63,254.96
2,98.62,254.96
2,98.61,254.96
2,98.6,254.96
2,98.59,254.96
2,98.58,254.96
2,98.57,254.97
2,98.56,254.97
2,98.55,254.97
2,98.54,254.97
2,98.53,254.97
2,98.52,254.97
2,98.51,254.97
2,98.5,254.97
2,98.49,254.97
2,98.48,254.97
2,98.47,254.97
2,98.46,254.98
2,98.45,254.98
2,98.44,254.98
2,98.43,254.98
2,98.42,254.98
2,98.41,254.98
2,98.4,254.98
2,98.39,254.98
2,98.38,254.98
2,98.37,254.98
2,98.36,254.99
2,98.35,254.99
2,98.34,254.99
2,98.33,254.99
2,98.32,254.99
2,98.31,254.99
2,98.3,254.99
2,98.29,254.99
2,98.28,254.99
2,98.29,254.99
2,98.3,254.99
2,98.31,255
2,98.31,255
2,98.32,255
2,98.33,255
2,98.34,255
2,98.34,255
2,98.35,255
2,98.36,255
2,98.36,255
2,98.37,255
2,98.38,255
2,98.39,255.01
2,98.39,255.01
2,98.4,255.01
2,98.41,255.01
2,98.42,255.01
2,98.42,255.01
2,98.43,255.01
2,98.44,255.01
2,98.45,255.01
2,98.45,255.01
2,98.46,255.02
2,98.47,255.02
2,98.47,255.02
2,98.48,255.02
2,98.49,255.02
2,98.5,255.02
2,98.5,255.02
2,98.51,255.02
2,98.52,255.02
2,98.53,255.02
2,98.53,255.02
2,98.54,255.03
2,98.55,255.03
2,98.56,255.03
2,98.56,255.03
2,98.57,255.03
2,98.58,255.03
2,98.59,255.03
2,98.59,255.03
2,98.6,255.03
2,98.61,255.03
2,98.61,255.03
2,98.62,255.04
2,98.63,255.04
2,98.64,255.04
2,98.64,255.04
2,98.65,255.04
2,98.66,255.04
2,98.67,255.04
2,98.67,255.04
2,98.68,255.04
2,98.69,255.04
2,98.7,255.05
2,98.7,255.05
2,98.71,255.05
2,98.72,255.05
2,98.72,255.05
2,98.73,255.05
2,98.74,255.05
2,98.75,255.05
2,98.75,255.05
2,98.76,255.05
2,98.77,255.05
2,98.78,255.06
2,98.78,255.06
2,98.79,255.06
2,98.8,255.06
2,98.81,255.06
2,98.81,255.06
2,98.82,255.06
2,98.83,255.06
2,98.84,255.06
2,98.84,255.06
2,98.85,255.06
2,98.86,255.07
2,98.86,255.07
2,98.87,255.07
2,98.88,255.07
2,98.89,255.07
2,98.89,255.07
2,98.9,255.07
2,98.91,255.07
2,98.92,255.07
2,98.92,255.07
2,98.93,255.08
2,98.94,255.08
2,98.95,255.08
2,98.95,255.08
2,98.96,255.08
2,98.97,255.08
2,98.97,255.08
2,98.98,255.08
2,98.99,255.08
6,118.67,255.18
6,119.01,255.18
6,119.36,255.18
6,119.68,255.18
6,120,255.18
6,120.33,255.18
6,120.65,255.18
6,120.97,255.19
6,121.29,255.19
6,121.61,255.19
6,121.93,255.19
6,122.25,255.19
6,122.57,255.19
6,122.9,255.19
6,123.22,255.19
6,123.54,255.19
6,123.86,255.19
6,124.18,255.2
6,124.5,255.2
6,124.82,255.2
6,125.14,255.2
6,125.46,255.2
6,125.79,255.2
6,126.11,255.2
6,126.43,255.2
6,126.75,255.2
6,127.07,255.2
6,127.39,255.2
6,127.71,255.21
6,128.03,255.21
6,128.35,255.21
6,128.68,255.21
6,129,255.21
6,129.32,255.21
6,129.64,255.21
6,129.96,255.21
6,130.28,255.21
6,130.6,255.21
6,130.92,255.21
6,131.25,255.22
6,131.57,255.22
6,131.89,255.22
6,132.21,255.22
6,132.53,255.22
6,132.85,255.22
6,133.17,255.22
6,133.49,255.22
6,133.81,255.22
6,134.14,255.22
6,134.46,255.23
6,134.78,255.23
6,135.1,255.23
6,135.42,255.23
6,135.74,255.23
6,136.06,255.23
6,136.38,255.23
6,136.7,255.23
6,137.03,255.23
6,137.35,255.23
6,137.67,255.23
6,137.99,255.24
6,138.31,255.24
6,138.63,255.24
6,138.95,255.24
6,139.27,255.24
6,139.6,255.24
6,139.92,255.24
6,140.24,255.24
6,140.56,255.24
6,140.88,255.24
6,88.56,255.24
6,88.69,255.25
6,88.83,255.25
6,88.96,255.25
6,89.09,255.25
6,89.23,255.25
6,89.36,255.25
6,89.49,255.25
6,89.62,255.25
6,89.76,255.25
6,89.89,255.25
6,90.02,255.26
6,90.16,255.26
6,90.29,255.26
6,90.42,255.26
6,90.56,255.26
6,90.69,255.26
6,90.82,255.26
6,90.95,255.26
6,91.09,255.26
6,91.22,255.26
6,91.35,255.26
6,91.49,255.27
6,91.62,255.27
6,91.75,255.27
6,91.89,255.27
6,92.02,255.27
6,92.15,255.27
6,92.28,255.27
6,92.42,255.27
6,92.55,255.27
6,92.68,255.27
6,92.82,255.27
6,92.95,255.28
6,93.08,255.28
6,93.22,255.28
6,93.35,255.28
6,93.48,255.28
6,93.61,255.28
6,93.75,255.28
6,93.88,255.28
6,94.01,255.28
6,94.15,255.28
6,94.28,255.29
6,94.41,255.29
6,94.55,255.29
6,94.68,255.29
6,94.81,255.29
6,94.95,255.29
6,95.08,255.29
6,95.21,255.29
6,95.34,255.29
6,95.48,255.29
6,95.61,255.29
6,95.74,255.3
6,95.88,255.3
6,96.01,255.3
6,96.14,255.3
6,96.28,255.3
6,96.41,255.3
6,96.54,255.3
6,96.67,255.3
6,96.81,255.3
6,96.94,255.3
6,97.07,255.3
6,97.21,255.31
6,97.34,255.31
6,97.47,255.31
6,97.61,255.31
6,97.74,255.31
6,97.87,255.31
6,98,255.31
6,98.14,255.31
6,98.27,255.31
6,98.4,255.31
6,98.54,255.32
6,98.67,255.32
6,98.8,255.32
6,98.94,255.32
6,99.07,255.32
6,99.2,255.32
6,99.33,255.32
6,99.47,255.32
6,99.6,255.32
6,99.73,255.32
6,99.87,255.32
6,100,255.33
6,100.13,255.33
6,100.27,255.33
6,100.4,255.33
6,100.53,255.33
6,100.67,255.33
6,100.8,255.33
6,100.93,255.33
6,101.06,255.33
6,101.2,255.33
6,101.33,255.33
6,101.46,255.34
6,101.6,255.34
6,101.73,255.34
6,101.86,255.34
6,102,255.34
6,102.13,255.34
6,102.26,255.34
6,102.39,255.34
6,102.53,255.34
6,102.66,255.34
6,102.79,255.35
6,102.93,255.35
6,103.06,255.35
6,103.19,255.35
6,103.33,255.35
6,103.46,255.35
6,103.59,255.35
6,103.72,255.35
6,103.86,255.35
6,103.99,255.35
6,104.12,255.35
6,104.26,255.36
6,104.39,255.36
6,104.52,255.36
6,104.66,255.36
6,104.79,255.36
6,104.92,255.36
6,105.05,255.36
6,105.19,255.36
6,105.32,255.36
6,105.45,255.36
6,105.59,255.36
6,105.72,255.37
6,105.85,255.37
6,105.99,255.37
6,106.12,255.37
6,106.25,255.37
6,106.39,255.37
6,106.52,255.37
6,106.65,255.37
6,106.78,255.37
6,106.92,255.37
6,107.05,255.38
6,107.18,255.38
6,107.32,255.38
6,107.45,255.38
6,107.58,255.38
6,107.72,255.38
6,107.85,255.38
6,107.98,255.38
6,108.11,255.38
6,108.25,255.38
6,108.38,255.38
6,108.51,255.39
6,108.65,255.39
6,108.78,255.39
6,108.91,255.39
6,109.05,255.39
6,109.18,255.39
6,109.31,255.39
6,109.44,255.39
6,109.58,255.39
6,109.71,255.39
6,109.84,255.39
6,109.98,255.4
6,110.11,255.4
6,110.24,255.4
6,110.38,255.4
6,110.51,255.4
6,110.64,255.4
6,110.77,255.4
6,110.91,255.4
6,111.04,255.4
6,111.17,255.4
6,111.31,255.41
6,111.44,255.41
6,111.57,255.41
6,111.71,255.41
6,111.84,255.41
6,111.97,255.41
6,112.11,255.41
6,112.24,255.41
6,112.37,255.41
6,112.5,255.41
6,112.64,255.41
6,112.77,255.42
6,112.9,255.42
6,113.04,255.42
6,113.17,255.42
6,113.3,255.42
6,113.44,255.42
6,113.57,255.42
6,113.7,255.42
6,113.83,255.42
6,113.97,255.42
6,114.1,255.42
6,114.23,255.43
6,114.37,255.43
6,114.5,255.43
6,114.63,255.43
6,114.77,255.43
6,114.9,255.43
6,115.03,255.43
6,115.16,255.43
6,115.3,255.43
6,115.43,255.43
6,115.56,255.44
6,115.7,255.44
6,115.83,255.44
6,115.96,255.44
6,116.1,255.44
6,116.23,255.44
6,116.36,255.44
6,116.49,255.44
6,116.63,255.44
6,116.76,255.44
6,116.89,255.44
6,117.03,255.45
6,117.16,255.45
6,117.29,255.45
6,117.43,255.45
6,117.56,255.45
6,117.69,255.45
6,117.83,255.45
6,117.96,255.45
6,118.09,255.45
6,118.22,255.45
6,118.36,255.45
6,118.49,255.46
6,118.62,255.46
6,118.76,255.46
6,118.89,255.46
6,119.02,255.46
6,119.16,255.46
6,119.29,255.46
6,119.42,255.46
6,119.55,255.46
6,119.69,255.46
6,119.82,255.47
6,119.95,255.47
6,120.09,255.47
6,120.22,255.47
6,120.35,255.47
6,120.49,255.47
6,120.62,255.47
6,120.75,255.47
6,120.88,255.47
6,121.02,255.47
6,121.15,255.47
6,121.28,255.48
6,121.42,255.48
6,121.55,255.48
6,121.68,255.48
6,121.82,255.48
6,121.95,255.48
6,122.08,255.48
6,122.21,255.48
6,122.35,255.48
6,122.48,255.48
6,122.61,255.48
6,122.75,255.49
6,122.88,255.49
6,123.01,255.49
6,123.15,255.49
6,123.28,255.49
6,123.41,255.49
6,123.55,255.49
6,123.68,255.49
6,123.81,255.49
6,123.94,255.49
6,124.08,255.5
6,124.21,255.5
6,124.34,255.5
6,124.48,255.5
6,124.61,255.5
6,124.74,255.5
6,124.88,255.5
6,125.01,255.5
6,125.14,255.5
6,125.27,255.5
6,125.41,255.5
6,125.54,255.51
6,125.67,255.51
6,125.81,255.51
6,125.94,255.51
6,126.07,255.51
6,126.21,255.51
6,126.34,254.54
6,126.47,253.58
6,126.6,252.61
6,126.74,251.65
6,126.87,250.68
6,127,249.72
6,127.14,248.75
6,127.27,247.79
6,127.4,246.82
6,127.54,245.86
6,127.67,244.89
6,127.8,243.93
6,127.93,242.96
6,128.07,242
6,128.2,241.03
6,128.33,240.07
6,128.47,239.1
6,128.6,238.14
6,128.73,237.17
6,128.87,236.21
6,129,235.24
6,129.13,234.28
6,129.27,233.31
6,129.4,232.35
6,129.53,231.38
6,129.66,230.42
6,129.8,229.45
6,129.93,228.49
6,130.06,227.52
6,130.2,226.56
6,130.33,225.59
6,130.46,224.63
6,130.6,223.66
6,130.73,222.69
6,130.86,221.73
6,130.99,220.76
6,131.13,219.8
6,131.26,218.83
6,131.39,217.87
6,131.53,216.9
6,131.66,215.94
6,131.79,214.97
6,131.93,214.01
6,132.06,213.04
6,132.19,212.08
6,132.32,211.11
6,132.46,210.15
6,132.59,209.18
6,132.72,208.22
6,132.86,207.25
6,132.99,206.29
6,133.12,205.32
6,133.26,204.36
6,133.39,203.39
6,133.52,202.43
6,133.65,201.46
6,133.79,200.5
6,133.92,199.53
6,134.05,198.57
6,134.19,197.6
6,134.32,196.64
6,134.45,195.67
6,134.59,194.71
6,134.72,193.74
6,134.85,192.77
6,134.99,191.81
6,135.12,190.84
6,135.25,189.88
6,135.38,188.91
6,135.52,187.95
6,135.65,186.98
6,135.78,186.02
6,135.92,185.05
6,136.05,184.09
6,136.18,183.12
6,136.32,182.16
6,136.45,181.19
6,136.58,180.23
6,136.71,179.26
6,136.85,178.3
6,136.98,177.33
6,137.11,176.37
6,137.25,175.4
6,137.38,174.44
6,137.51,173.47
6,137.65,172.51
6,137.78,171.54
6,137.91,170.58
6,138.04,169.61
6,138.18,168.65
6,138.31,167.68
6,138.44,166.72
6,138.58,165.75
6,138.71,164.79
6,138.84,163.82
6,138.98,162.86
6,139.11,161.89
6,139.24,160.92
6,139.37,159.96
6,139.51,159.16
6,139.64,158.36
6,139.77,157.56
6,139.91,156.76
6,140.04,155.96
6,140.17,155.16
6,140.31,154.36
6,140.44,153.56
6,140.57,152.76
6,140.71,151.96
6,140.84,151.16
6,140.97,150.36
6,141.1,149.56
6,141.24,148.76
6,141.37,147.96
6,141.5,147.16
6,141.64,146.36
6,141.77,145.56
6,141.9,144.76
6,142.04,143.96
6,142.17,143.16
6,142.3,142.36
6,142.43,141.56
6,142.57,140.76
6,142.7,139.96
6,142.83,139.16
6,142.97,138.36
6,143.1,137.56
6,143.23,136.76
6,143.37,135.96
6,143.5,135.16
6,143.63,134.36
6,143.76,133.56
6,143.9,132.76
6,144.03,131.96
6,144.16,131.16
6,144.3,130.36
6,144.43,129.56
6,144.56,128.76
6,144.7,127.96
6,144.83,127.16
6,144.96,126.36
6,145.09,125.56
6,145.23,124.76
6,145.36,123.96
6,145.49,123.16
6,145.63,122.36
6,145.76,121.56
6,145.89,120.76
6,146.03,119.96
6,146.16,119.16
6,146.29,118.36
6,146.43,117.56
6,146.56,116.76
6,146.69,115.96
6,146.82,115.16
6,146.96,114.36
6,147.09,113.56
6,147.22,112.76
6,147.36,111.96
6,147.49,111.16
6,147.62,110.36
6,147.76,109.56
6,147.89,108.76
6,148.02,107.96
6,148.15,107.16
6,148.29,106.36
6,148.42,105.56
6,148.55,104.76
6,148.69,103.96
6,148.82,103.16
6,148.95,102.36
6,149.09,101.56
6,149.22,100.76
6,149.35,99.96
6,149.48,99.16
6,149.62,98.36
6,149.75,97.56
6,149.88,96.76
6,150.02,95.96
6,150.15,95.16
6,150.28,94.36
6,150.42,93.56
6,150.55,92.76
6,150.68,91.96
6,150.81,91.16
6,150.95,90.36
6,151.08,89.56
6,151.21,88.76
6,151.35,87.96
6,151.48,87.16
6,151.61,86.36
6,151.75,85.56
6,151.88,84.76
6,152.01,83.96
6,152.15,83.16
6,152.28,82.36
6,152.41,81.56
6,152.54,80.76
6,152.68,79.96
6,152.81,79.16
6,152.94,78.36
6,153.08,77.56
6,153.21,76.76
6,153.34,75.96
6,153.48,75.16
6,153.61,74.37
6,153.74,73.57
6,153.87,72.77
6,154.01,71.97
6,154.14,71.17
6,154.27,70.37
6,154.41,69.57
6,154.54,68.77
6,154.67,67.97
6,154.81,67.17
6,154.94,66.37
6,155.07,65.57
6,155.2,64.77
6,155.34,63.97
6,155.47,63.17
6,155.6,62.37
6,155.74,61.57
6,155.87,60.77
6,156,59.97
6,156.14,59.17
6,156.27,58.37
6,156.4,57.57
6,156.53,56.77
6,156.67,55.97
6,156.8,55.17
6,156.93,54.37
6,157.07,53.57
6,157.2,52.77
6,157.33,51.97
6,157.47,51.17
6,157.6,50.37
6,157.73,49.57
6,157.87,48.77
6,158,47.97
6,158.13,47.17
6,158.26,46.37
6,158.4,45.57
6,158.53,44.77
6,158.66,43.97
6,158.8,43.17
6,158.93,42.37
6,159.06,41.57
6,159.2,40.77
6,159.33,39.97
6,159.46,39.17
6,159.59,38.37
6,159.73,37.57
6,159.86,36.77
6,159.99,35.97
6,160.13,35.17
6,160.26,34.37
6,160.39,33.57
6,160.53,32.77
6,160.66,31.97
6,160.79,31.17
6,160.92,30.37
6,161.06,29.57
6,161.19,28.77
6,161.32,27.97
6,161.46,27.17
6,161.59,26.37
6,161.72,25.57
6,161.86,24.77
6,161.99,23.97
6,162.12,23.17
6,162.25,22.37
6,162.39,21.57
6,162.52,20.77
6,162.65,19.97
6,162.79,19.17
6,162.92,18.37
6,163.05,17.57
6,163.19,16.77
6,163.32,15.97
6,163.45,15.17
6,163.59,14.37
6,163.72,13.57
6,163.85,12.77
6,163.98,11.97
6,164.12,11.17
6,164.25,10.37
6,164.38,9.57
6,164.52,8.77
6,164.65,7.97
6,164.78,7.17
6,164.92,6.37
6,165.05,5.57
6,165.18,4.77
6,165.31,3.97
6,165.45,3.17
6,165.58,2.37
6,165.71,2.36
6,165.85,2.35
6,165.98,2.35
6,166.11,2.34
6,166.25,2.33
6,166.38,2.32
6,166.51,2.32
6,166.64,2.31
6,166.78,2.3
6,166.91,2.29
6,167.04,2.28
6,167.18,2.28
6,167.31,2.27
6,167.44,2.26
6,167.58,2.25
6,167.71,2.25
6,167.84,2.24
6,167.97,2.23
6,168.11,2.22
6,168.24,2.21
6,168.37,2.21
6,168.51,2.2
6,168.64,2.19
6,168.77,2.18
6,168.91,2.18
6,169.04,2.17
6,169.17,2.16
6,169.31,2.15
6,169.44,2.14
6,169.57,2.14
6,169.7,2.13
6,169.84,2.12
6,169.97,2.11
6,170.1,2.11
6,170.24,2.1
6,170.37,2.09
6,170.5,2.08
6,170.64,2.07
6,170.77,2.07
6,170.9,2.06
6,171.03,2.05
6,171.17,2.04
6,171.3,2.04
6,171.43,2.03
6,171.57,2.02
6,171.7,2.01
6,171.83,2
6,171.97,2
6,172.1,1.99
6,172.23,1.98
6,172.36,1.97
6,172.5,1.97
6,172.63,1.96
6,172.76,1.95
6,172.9,1.94
6,173.03,1.93
6,173.16,1.93
6,173.3,1.92
6,173.43,1.91
6,173.56,1.9
6,173.69,1.89
6,173.83,1.89
6,173.96,1.88
6,174.09,1.87
6,174.23,1.86
6,174.36,1.86
6,174.49,1.85
6,174.63,1.84
6,174.76,1.83
6,174.89,1.82
6,175.03,1.82
6,175.16,1.81
6,175.29,1.8
6,175.42,1.79
6,175.56,1.79
6,175.69,1.78
6,175.82,1.77
6,175.96,1.76
6,176.09,1.75
6,176.22,1.75
6,176.36,1.74
6,176.49,1.73
6,176.62,1.72
6,176.75,1.72
6,176.89,1.71
6,177.02,1.7
6,177.15,1.69
6,177.29,1.68
6,177.42,1.68
6,177.55,1.67
6,177.69,1.66
6,177.82,1.65
6,177.95,1.65
6,178.08,1.64
6,178.22,1.63
6,178.35,1.62
6,178.48,1.61
6,178.62,1.61
6,178.75,1.6
6,178.88,1.59
6,179.02,1.58
6,179.15,1.58
6,179.28,1.57
6,179.41,1.56
6,179.55,1.55
6,179.68,1.54
6,179.81,1.54
6,179.95,1.53
6,100,1.52
7,100,129.75
7,100,129.75
7,123.11,129.74
7,123.09,129.73
7,123.07,129.72
7,123.05,129.71
7,123.03,129.71
7,123.02,129.7
7,123,129.69
7,122.98,129.68
7,122.96,129.68
7,122.94,129.67
7,122.92,129.66
7,122.9,129.65
7,122.89,129.64
7,122.87,129.64
7,122.85,129.63
7,122.83,129.62
7,122.81,129.61
7,122.79,129.61
7,122.77,129.6
7,122.76,129.59
7,122.74,129.58
7,122.72,129.57
7,122.7,129.57
7,122.68,129.56
7,122.66,129.55
7,122.64,129.54
7,122.63,129.54
7,122.61,129.53
7,122.59,129.52
7,122.57,129.51
7,122.55,129.5
7,122.53,129.5
7,122.52,129.49
7,122.5,129.48
7,122.48,129.47
7,122.46,129.47
7,122.44,129.46
7,122.42,129.45
7,122.4,129.44
7,122.39,129.43
7,122.37,129.43
7,122.35,129.42
7,122.33,129.41
7,122.31,129.4
7,122.29,129.4
7,122.27,129.39
7,122.26,129.38
7,122.24,129.37
7,122.22,129.36
7,122.2,129.36
7,122.18,129.35
7,122.16,129.34
7,122.14,129.33
7,122.13,129.32
7,122.11,129.32
7,122.09,129.31
7,122.07,129.3
7,122.05,129.29
7,122.03,129.29
7,122.01,129.28
7,122,129.27
7,121.98,129.26
7,121.96,129.25
7,121.94,129.25
7,121.92,129.24
7,121.9,129.23
7,121.89,129.22
7,121.87,129.22
7,121.85,129.21
7,121.83,129.2
7,121.81,129.19
7,121.79,129.18
7,121.77,129.18
7,121.76,129.17
7,121.74,129.16
7,121.72,129.15
7,121.7,129.15
7,121.68,129.14
7,121.66,129.13
7,121.64,129.12
7,121.63,129.11
7,121.61,129.11
7,121.59,129.1
7,121.57,129.09
7,121.55,129.08
7,121.53,129.08
7,121.51,129.07
7,121.5,129.06
7,121.48,129.05
7,121.46,129.04
7,121.44,129.04
7,121.42,129.03
7,121.4,129.02
7,121.38,129.01
7,121.37,129.01
7,121.35,129
7,121.33,128.99
7,121.31,128.98
7,121.29,128.97
7,121.27,128.97
7,121.26,128.96
7,121.24,128.95
7,121.22,128.94
7,121.2,128.94
7,121.18,128.93
7,121.16,128.92
7,121.14,128.92
7,121.13,128.92
7,121.11,128.92
7,121.09,128.92
7,121.07,128.92
7,121.05,128.92
7,121.03,128.92
7,121.01,128.92
7,121,128.92
7,120.98,128.92
7,120.96,128.92
7,120.94,128.92
7,120.92,128.92
7,120.9,128.92
7,120.88,128.92
7,120.87,128.92
7,120.85,128.92
7,120.83,128.92
7,120.81,128.92
7,120.79,128.92
7,120.77,128.92
7,120.75,128.92
7,120.74,128.92
7,120.72,128.92
7,120.7,128.92
7,120.68,128.92
7,120.66,128.92
7,120.64,128.92
7,120.62,128.92
7,120.61,128.92
7,120.59,128.92
7,120.57,128.92
7,120.55,128.92
7,120.53,128.92
7,120.51,128.92
7,120.5,128.92
7,120.48,128.92
7,120.46,128.92
7,120.44,128.92
7,120.42,128.92
7,120.4,128.92
7,120.38,128.92
7,120.37,128.92
7,120.35,128.92
7,120.33,128.92
7,120.31,128.92
7,120.29,128.92
7,120.27,128.92
7,120.25,128.92
7,120.24,128.92
7,120.22,128.92
7,120.2,128.92
7,120.18,128.92
7,120.16,128.92
7,120.14,128.92
7,120.12,128.92
7,120.11,128.92
7,120.09,128.92
7,120.07,128.92
7,120.05,128.92
7,120.03,128.92
7,120.01,128.92
7,119.99,128.92
7,119.98,128.92
7,119.96,128.92
7,119.94,128.92
7,119.92,128.92
7,119.9,128.92
7,119.88,128.92
7,119.87,128.92
7,119.85,128.92
7,119.83,128.92
7,119.81,128.92
7,119.79,128.92
7,119.77,128.92
7,119.75,128.92
7,119.74,128.92
7,119.72,128.92
7,119.7,128.92
7,119.68,128.92
7,119.66,128.92
7,119.64,128.92
7,119.62,128.92
7,119.61,128.92
7,119.59,128.92
7,119.57,128.92
7,119.55,128.92
7,119.53,128.92
7,119.51,128.92
7,119.49,128.92
7,119.48,128.92
7,119.46,128.92
7,119.44,128.92
7,119.42,128.92
7,119.4,128.92
7,119.38,128.92
7,119.36,128.92
7,119.35,128.92
7,119.33,128.92
7,119.31,128.92
7,119.29,128.92
7,119.27,128.92
7,119.25,128.92
7,119.23,128.92
7,119.22,128.92
7,119.2,128.92
7,119.18,128.92
7,119.16,128.92
7,119.14,128.92
7,119.12,128.92
7,119.11,128.92
7,119.09,128.92
7,119.07,128.92
7,119.05,128.92
7,119.03,128.92
7,119.01,128.92
7,118.99,128.92
7,118.98,128.92
7,118.96,128.92
7,118.94,128.92
7,118.92,128.92
7,118.9,128.92
7,118.88,128.92
7,118.86,128.92
7,118.85,128.92
7,118.83,128.92
7,118.81,128.92
7,118.79,128.92
7,118.77,128.92
7,118.75,128.92
7,118.73,128.92
7,118.72,128.92
7,118.7,128.92
7,118.68,128.92
7,118.66,128.92
7,118.64,128.92
7,118.62,128.92
7,118.6,128.92
7,118.59,128.92
7,118.57,128.92
7,118.55,128.92
7,118.53,128.92
7,118.51,128.92
7,118.49,128.92
7,118.48,128.92
7,118.46,128.92
7,118.44,128.92
7,118.42,128.92
7,118.4,128.92
7,118.38,128.92
7,118.36,128.92
7,118.35,128.92
7,118.33,128.92
7,118.31,128.92
7,118.29,128.92
7,118.27,128.92
7,118.25,128.92
7,118.23,128.92
7,118.22,128.92
7,118.2,128.92
7,118.18,128.92
7,118.16,128.92
7,118.14,128.92
7,118.12,128.92
7,118.1,128.92
7,118.09,128.92
7,118.07,128.92
7,118.05,128.92
7,118.03,128.92
7,118.01,128.92
7,117.99,128.92
7,117.97,128.92
7,117.96,128.92
7,117.94,128.92
7,117.92,128.92
7,117.9,128.92
7,117.88,128.92
7,117.86,128.92
7,117.85,128.92
7,117.83,128.92
7,117.81,128.92
7,117.79,128.92
7,117.77,128.92
7,117.75,128.92
7,117.73,128.92
7,117.72,128.92
7,117.7,128.92
7,117.68,128.92
7,117.66,128.92
7,117.64,128.92
7,117.62,128.92
7,117.6,128.92
7,117.59,128.92
7,117.57,128.92
7,117.55,128.92
7,117.53,128.92
7,117.51,128.92
7,117.49,128.92
7,117.47,128.92
7,117.46,128.92
7,117.44,128.92
7,117.42,128.92
7,117.4,128.92
7,117.38,128.92
7,117.36,128.92
7,117.34,128.92
7,117.33,128.92
7,117.31,128.92
7,117.29,128.92
7,117.27,128.92
7,117.25,128.92
7,117.23,128.92
7,117.21,128.92
7,117.2,128.92
7,117.18,128.92
7,117.16,128.92
7,117.14,128.92
7,117.12,128.92
7,117.1,128.92
7,117.09,128.92
7,117.07,128.92
7,117.05,128.92
7,117.03,128.92
7,117.01,128.92
7,116.99,128.92
7,116.97,128.92
7,116.96,128.92
7,116.94,128.92
7,116.92,128.92
7,116.9,128.92
7,116.88,128.92
7,116.86,128.92
7,116.84,128.92
7,116.83,128.92
7,116.81,128.92
7,116.79,128.92
7,116.77,128.92
7,116.75,128.92
7,116.73,128.92
7,116.71,128.92
7,116.7,128.92
7,116.68,128.92
7,116.66,128.92
7,116.64,128.92
7,116.62,128.92
7,116.6,128.92
7,116.58,128.92
7,116.57,128.92
7,116.55,128.92
7,116.53,128.92
7,116.51,128.92
7,116.49,128.92
7,116.47,128.92
7,116.46,128.92
7,116.44,128.92
7,116.42,128.92
7,116.4,128.92
7,116.38,128.92
7,116.36,128.92
7,116.34,128.92
7,116.33,128.92
7,116.31,128.92
7,116.29,128.92
7,116.27,128.92
7,116.25,128.92
7,116.23,128.92
7,116.21,128.92
7,116.2,128.92
7,116.18,128.92
7,116.16,128.92
7,116.14,128.92
7,116.12,128.92
7,116.1,128.92
7,116.08,128.92
7,116.07,128.92
7,116.05,128.92
7,116.03,128.92
7,116.01,128.92
7,115.99,128.92
7,115.97,128.92
7,115.95,128.92
7,115.94,128.92
7,115.92,128.92
7,115.9,128.92
7,115.88,128.92
7,115.86,128.92
7,115.84,128.92
7,115.83,128.92
7,115.81,128.92
7,115.79,128.92
7,115.77,128.92
7,115.75,128.92
7,115.73,128.92
7,115.71,128.92
7,115.7,128.92
7,115.68,128.92
7,115.66,128.92
7,115.64,128.92
7,115.62,128.92
7,115.6,128.92
7,115.58,128.92
7,115.57,128.92
7,115.55,128.92
7,115.53,128.92
7,115.51,128.92
7,115.51,128.92
7,115.5,128.92
7,115.5,128.93
7,115.5,128.93
7,115.49,128.93
7,115.49,128.93
7,115.49,128.93
7,115.48,128.93
7,115.48,128.93
7,115.48,128.93
7,115.47,128.93
7,115.47,128.93
7,115.47,128.93
7,115.46,128.93
7,115.46,128.93
7,115.45,128.93
7,115.45,128.93
7,115.45,128.93
7,115.44,128.93
7,115.44,128.93
7,115.44,128.93
7,115.43,128.93
7,115.43,128.93
7,115.43,128.93
7,115.42,128.93
7,115.42,128.93
7,115.42,128.93
7,115.41,128.93
7,115.41,128.93
7,115.41,128.93
7,115.4,128.93
7,115.4,128.93
7,115.4,128.93
7,115.39,128.93
7,115.39,128.93
7,115.39,128.93
7,115.38,128.93
7,115.38,128.93
7,115.38,128.93
7,115.37,128.93
7,115.37,128.93
7,115.36,128.93
7,115.36,128.93
7,115.36,128.93
7,115.35,128.93
7,115.35,128.93
7,115.35,128.93
7,115.34,128.93
7,115.34,128.93
7,115.34,128.93
7,115.33,128.93
7,115.33,128.93
7,115.33,128.93
7,115.32,128.93
7,115.32,128.93
7,115.32,128.93
7,115.31,128.93
7,115.31,128.93
7,115.31,128.93
7,115.3,128.93
7,115.3,128.93
7,115.3,128.93
7,115.29,128.93
7,115.29,128.93
7,115.29,128.93
7,115.28,128.93
7,115.28,128.93
7,115.28,128.93
7,115.27,128.93
7,115.27,128.93
7,115.26,128.93
7,115.26,128.93
7,115.26,128.93
7,115.25,128.93
7,115.25,128.93
7,115.25,128.93
7,115.24,128.93
7,115.24,128.93
7,115.24,128.93
7,115.23,128.93
7,115.23,128.93
7,115.23,128.93
7,115.22,128.93
7,115.22,128.93
7,115.22,128.93
7,115.21,128.93
7,115.21,128.93
7,115.21,128.93
7,115.2,128.93
7,115.2,128.93
7,115.2,128.93
7,115.19,128.93
7,115.19,128.93
7,115.19,128.93
7,115.18,128.93
7,115.18,128.93
7,115.18,128.93
7,115.17,128.93
7,115.17,128.93
7,115.16,128.93
7,115.16,128.93
7,115.16,128.93
7,115.15,128.93
7,115.15,128.93
7,115.15,128.93
7,115.14,128.93
7,115.14,128.93
7,115.14,128.93
7,115.13,128.93
7,115.13,128.93
7,115.13,128.93
7,115.12,128.93
7,115.12,128.93
7,115.12,128.93
7,115.11,128.93
7,115.11,128.93
7,115.11,128.93
7,115.1,128.93
7,115.1,128.93
7,115.1,128.93
7,115.09,128.93
7,115.09,128.93
7,115.09,128.93
7,115.08,128.93
7,115.08,128.93
7,115.07,128.93
7,115.07,128.93
7,115.07,128.93
7,115.06,128.93
7,115.06,128.93
7,115.06,128.93
7,115.05,128.93
7,115.05,128.93
7,115.05,128.93
7,115.04,128.93
7,115.04,128.93
7,115.04,128.93
7,115.03,128.93
7,115.03,128.93
-1,100,128.93
#MOTOR_P2
-1,34.32,128
-1,34.33,128
-1,34.35,128
-1,34.36,128.01
-1,34.37,128.01
-1,34.39,128.01
-1,34.4,128.01
-1,34.41,128.01
-1,34.43,128.01
-1,34.44,128.02
-1,34.45,128.02
-1,34.47,128.02
-1,34.48,128.02
-1,34.49,128.02
-1,34.5,128.02
-1,34.52,128.03
-1,34.53,128.03
-1,34.54,128.03
-1,34.56,128.03
-1,34.57,128.03
-1,34.58,128.04
-1,34.6,104.06
-1,34.61,80.07
-1,34.62,56.09
-1,34.64,32.1
-1,34.65,8.12
-1,34.66,8.13
-1,34.68,8.13
3,34.69,8.13
3,36,8.13
3,37.31,8.13
3,38.63,8.14
3,39.94,8.14
3,41.25,8.14
3,42.56,8.14
3,43.87,8.14
3,45.19,8.14
3,46.5,8.15
3,47.81,8.15
3,49.12,8.15
3,50.43,8.15
3,51.75,8.15
3,53.06,8.15
3,54.37,8.16
3,55.68,8.16
3,56.99,8.16
3,58.3,8.16
3,59.62,8.16
3,60.93,8.17
3,62.24,8.17
3,63.55,8.17
3,64.86,8.17
3,66.18,8.17
3,67.49,8.17
3,68.8,8.18
3,70.11,8.18
3,71.42,8.18
3,72.74,8.18
3,74.05,8.18
3,75.36,8.19
3,76.67,8.19
3,77.98,8.19
3,79.3,8.19
3,80.61,8.19
3,81.92,8.19
3,83.23,8.2
3,84.54,8.2
3,85.86,8.2
3,87.17,8.2
3,88.48,8.2
3,89.79,8.2
3,91.1,8.21
3,92.42,8.21
3,93.73,8.21
3,95.04,8.21
3,96.35,8.21
3,97.66,8.22
3,98.98,8.22
3,100.29,8.22
3,101.6,8.22
3,102.91,8.22
3,104.22,8.22
3,105.53,8.23
3,106.85,8.23
3,108.16,8.23
3,109.47,8.23
3,110.78,8.23
3,112.09,8.24
3,113.41,8.24
3,114.72,8.24
3,116.03,8.24
3,117.34,8.24
3,118.65,8.24
3,119.97,8.25
3,121.28,8.25
3,122.59,8.25
3,123.9,8.25
3,125.21,8.25
3,126.53,8.25
3,127.84,8.26
3,129.15,8.26
3,53.14,8.26
3,53.81,8.26
3,54.49,8.26
3,55.16,8.27
3,55.84,8.27
3,56.51,8.27
3,57.18,8.27
3,57.86,8.27
3,58.53,8.27
3,59.21,8.28
3,59.88,8.28
3,60.55,8.28
3,61.23,8.28
3,61.9,8.28
3,62.58,8.29
3,63.25,8.29
3,63.92,8.29
3,64.6,8.29
3,65.27,8.29
3,65.95,8.29
3,66.62,8.3
3,67.29,8.3
3,67.97,8.3
3,68.64,8.3
3,69.32,8.3
3,69.99,8.3
3,70.66,8.31
3,71.34,8.31
3,72.01,8.31
3,72.69,8.31
3,73.36,8.31
3,74.03,8.26
3,74.71,8.22
3,75.38,8.17
3,76.06,8.12
3,76.73,8.07
3,77.4,8.03
3,78.08,7.98
3,78.75,7.93
3,79.43,7.88
3,80.1,7.84
3,80.77,7.79
3,81.45,7.74
3,82.12,7.69
3,82.8,7.65
3,83.47,7.6
3,84.14,7.55
3,84.82,7.5
3,85.49,7.46
3,86.16,7.41
3,86.84,7.36
3,87.51,7.31
3,88.19,7.27
3,88.86,7.22
3,89.53,7.17
3,90.21,7.12
3,90.88,7.08
3,91.56,7.03
3,92.23,6.98
3,92.9,6.93
3,93.58,6.89
3,94.25,6.84
3,94.93,6.79
3,95.6,6.74
3,96.27,6.7
3,96.95,6.65
3,97.62,6.6
3,98.3,6.56
3,98.97,6.51
3,99.64,6.46
3,100.32,6.41
3,100.99,6.37
3,101.67,6.32
3,102.34,6.27
3,103.01,6.22
3,103.69,6.18
3,104.36,6.13
3,105.04,6.08
3,105.71,6.03
3,106.38,5.99
3,107.06,5.94
3,107.73,5.89
3,108.41,5.84
3,109.08,5.8
3,109.75,5.75
3,110.43,5.7
3,111.1,5.65
3,111.78,5.61
3,112.45,5.56
3,113.12,5.51
3,113.8,5.46
3,114.47,5.42
3,115.15,5.37
3,115.82,5.32
3,116.49,5.27
3,117.17,5.23
3,117.84,5.18
3,118.52,5.13
3,119.19,5.08
3,100,5.04
3,75.81,4.99
3,76.03,4.94
3,76.25,4.9
3,76.47,4.85
3,76.7,4.8
3,76.92,4.75
3,77.14,4.71
3,77.36,4.66
3,77.58,4.61
3,77.8,4.56
3,78.03,4.52
3,78.25,4.47
3,78.47,4.42
3,78.69,4.37
3,78.91,4.33
3,79.13,4.28
3,79.36,4.23
3,79.58,4.18
3,79.8,4.14
3,80.02,4.09
3,80.24,4.04
3,80.46,3.99
3,80.68,3.95
3,80.91,3.9
3,81.13,3.85
3,81.35,3.8
3,81.57,3.76
3,81.79,3.71
3,82.01,3.66
3,82.24,3.61
3,82.46,3.57
3,82.68,3.52
3,82.9,3.47
3,83.12,3.42
3,83.34,3.38
3,83.57,3.33
3,83.79,3.28
3,84.01,3.24
3,84.23,3.19
3,84.45,3.14
3,84.67,3.09
3,84.89,3.05
3,85.12,3
3,85.34,2.95
3,85.56,2.9
3,85.78,2.86
3,86,2.81
3,86.22,2.76
3,86.45,2.71
3,86.67,2.67
3,86.89,2.62
3,87.11,2.57
3,87.33,2.52
3,87.55,2.48
3,87.77,2.43
3,88,2.38
3,88.22,2.33
3,88.44,2.29
3,88.66,2.24
3,88.88,2.19
3,89.1,2.14
3,89.33,2.1
3,89.55,2.05
3,89.77,2
3,89.99,1.95
3,90.21,1.91
3,90.43,1.86
3,90.66,1.81
3,90.88,1.76
3,91.1,1.72
3,91.32,1.67
3,91.54,1.62
3,91.76,1.58
3,91.98,1.53
3,92.21,1.48
3,92.43,1.43
3,92.65,1.39
3,92.87,1.34
3,93.09,1.29
3,93.31,1.24
3,93.54,1.2
3,93.76,1.15
3,93.98,1.1
3,94.2,1.05
3,94.42,1.01
3,94.64,0.96
3,94.87,0.91
3,95.09,0.86
3,95.31,0.82
3,95.53,0.77
3,95.75,0.72
3,95.97,0.67
3,96.19,0.63
3,96.42,0.58
3,96.64,0.53
3,96.86,0.48
3,97.08,0.44
3,97.3,0.39
3,97.52,0.34
3,97.75,0.29
3,97.97,0.25
3,98.19,0.2
3,98.41,0.15
3,98.63,0.1
3,98.85,0.06
3,99.08,0.01
3,99.3,0.03
3,99.52,0.04
3,99.74,0.06
-1,99.75,0.08
-1,99.75,0.1
-1,99.76,0.11
-1,99.77,0.13
-1,99.77,0.15
-1,99.78,0.17
-1,99.78,0.18
-1,99.79,0.2
-1,99.8,0.22
-1,99.8,0.23
-1,99.81,0.25
-1,99.82,0.27
-1,99.82,0.29
-1,99.83,0.3
-1,99.83,0.32
-1,99.84,0.34
-1,99.85,0.36
-1,99.85,0.37
-1,99.86,128
-1,99.87,128
-1,99.87,128
-1,99.88,128
-1,99.89,128
-1,99.89,128
-1,99.9,128
-1,99.9,128
-1,99.91,128
-1,99.92,128
-1,99.92,128
-1,99.93,128
-1,99.94,128
-1,99.94,128
-1,99.95,128
-1,99.95,128
-1,99.96,128
-1,99.97,128
-1,99.97,128
-1,99.98,128
-1,99.99,128
-1,99.99,128
-1,100,128
-1,100.01,128
-1,100.01,128
-1,100.02,128
-1,100.02,128
-1,100.03,128
-1,100.04,128
-1,100.04,128
-1,100.05,128
-1,100.06,128
-1,100.06,128
-1,100.07,128
-1,100.07,128
-1,100.08,128
-1,100.09,128
-1,100.09,128
-1,100.1,128
-1,100.11,128
-1,100.11,128
-1,100.12,128
-1,100.13,128
-1,100.13,128
-1,100.14,128
-1,100.14,128
-1,100.15,128
-1,100.16,128
-1,100.16,128
-1,100.17,128
-1,100.18,128
-1,100.18,128
-1,100.19,128
-1,100.19,128
-1,100.2,128
-1,100.21,128
-1,100.21,128
-1,100.22,128
-1,100.23,128
-1,100.23,128
-1,100.24,128
-1,100.25,128
-1,100.25,128
-1,100.26,128
-1,100.26,128
-1,100.27,128
-1,100.28,128
-1,100.28,128
-1,100.29,128
-1,100.3,128
-1,100.3,128
-1,100.31,128
-1,100.32,128
-1,100.32,128
-1,100.33,128
-1,100.33,128
-1,100.34,128
-1,100.35,128
-1,100.35,128
-1,100.36,128
-1,100.37,128
-1,100.37,128
-1,100.38,128
-1,100.38,128
-1,100.39,128
-1,100.4,128
-1,100.4,128
-1,100.41,128
-1,100.42,128
-1,100.42,128
-1,100.43,128
-1,100.44,128
-1,100.44,128
-1,100.45,128
-1,100.45,128
-1,100.46,128
-1,100.47,128
-1,100.47,128
-1,100.48,128
-1,100.49,128
-1,100.49,128
-1,100.5,128
-1,100.5,128
-1,100.51,128
-1,100.52,128
-1,100.52,128
-1,100.53,128
-1,100.54,128
-1,100.54,128
-1,100.55,128
-1,100.56,128
-1,100.56,128
-1,100.57,128
-1,100.57,128
-1,100.58,128
-1,100.59,128
-1,100.59,128
-1,100.6,128
-1,100.61,128
-1,100.61,128
-1,100.62,128
-1,100.62,128
-1,100.63,128
-1,100.64,128
-1,100.64,128
-1,100.65,128
-1,100.66,128
-1,100.66,128
-1,100.67,128
-1,100.68,128
-1,100.68,128
-1,100.69,128
-1,100.69,128
-1,100.7,128
-1,100.71,128
-1,100.71,128
-1,100.72,128
-1,100.73,128
-1,100.73,128
-1,100.74,128
-1,100.74,128
-1,100.75,128
-1,100.76,128
-1,100.76,128
-1,100.77,128
-1,100.78,128
-1,100.78,128
-1,100.79,128
-1,100.8,128
-1,100.8,128
-1,100.81,128
-1,100.81,128
-1,100.82,128
-1,100.83,128
-1,100.83,128
-1,100.84,128
-1,100.85,128
-1,100.85,128
-1,100.86,128
-1,100.86,128
-1,100.87,128
-1,100.88,128
-1,100.88,128
-1,100.89,128
-1,100.9,128
-1,100.9,128
-1,100.91,128
-1,100.92,128
-1,100.92,128
-1,100.93,128
-1,100.93,128
-1,100.94,128
-1,100.95,128
-1,100.95,128
-1,100.96,128
-1,100.97,128
-1,100.97,128
-1,100.98,128
-1,100.98,128
-1,100.99,128
-1,101,128
-1,101,128
-1,101.01,128
-1,101.02,128
-1,101.02,128
-1,101.03,128
-1,101.04,128
-1,101.04,128
-1,101.05,128
-1,101.05,128
-1,101.06,128
-1,101.07,128
-1,101.07,128
-1,101.08,128
-1,101.09,128
-1,101.09,128
-1,101.1,128
-1,101.11,128
-1,101.11,128
-1,101.12,128
-1,101.12,128
-1,101.13,128
-1,101.14,128
-1,101.14,128
-1,101.15,128
-1,101.16,128
-1,101.16,128
-1,101.17,128
-1,101.17,128
-1,101.18,128
-1,101.19,128
-1,101.19,128
-1,101.2,128
-1,101.21,128
-1,101.21,128
-1,101.22,128
-1,101.23,128
-1,101.23,128
-1,101.24,128
-1,101.24,128
-1,101.25,128
-1,101.26,128
-1,101.26,128
-1,101.27,128
-1,101.28,128
-1,101.28,128
-1,101.29,128
-1,101.29,128
-1,101.3,128
-1,101.31,128
-1,101.31,128
-1,101.32,128
-1,101.33,128
-1,101.33,128
-1,101.34,128
-1,101.35,128
-1,101.35,128
-1,101.36,128
-1,101.36,128
-1,101.37,128
-1,101.38,128
-1,101.38,128
-1,101.39,128
-1,101.4,128
-1,101.4,128
-1,101.41,128
-1,101.41,128
-1,101.42,128
-1,101.43,128
-1,101.43,128
-1,101.44,128
-1,101.45,128
-1,101.45,128
-1,101.46,128
-1,101.47,128
-1,101.47,128
-1,101.48,128
-1,101.48,128
-1,101.49,128
-1,101.5,128
-1,101.5,128
-1,101.51,128
-1,101.52,128
-1,101.52,128
-1,101.53,128
-1,101.53,128
-1,101.54,128
-1,101.55,128
-1,101.55,128
-1,101.56,128
-1,101.57,128
-1,101.57,128
-1,101.58,128
-1,101.59,128
-1,101.59,128
-1,101.6,128
-1,101.6,128
-1,101.61,128
-1,101.62,128
-1,101.62,128
-1,101.63,128
-1,101.64,128
-1,101.64,128
-1,101.65,128
-1,101.65,128
-1,101.66,128
-1,101.67,128
-1,101.67,128
-1,101.68,128
-1,101.69,128
-1,101.69,128
-1,101.7,128
-1,101.71,128
-1,101.71,128
-1,101.72,128
-1,101.72,128
-1,101.73,128
-1,101.74,128
-1,101.74,128
-1,101.75,128
-1,101.76,128
-1,101.76,128
-1,101.77,128
-1,101.77,128
-1,101.78,128
-1,101.79,128
-1,101.79,128
-1,101.8,128
-1,101.81,128
-1,101.81,128
-1,101.82,128
-1,101.83,128
-1,101.83,128
-1,101.84,128
-1,101.84,128
-1,101.85,128
-1,101.86,128
-1,101.86,128
-1,101.87,128
-1,101.88,128
-1,101.88,128
-1,101.89,128
-1,101.89,128
-1,101.9,128
-1,101.91,128
-1,101.91,128
-1,101.92,128
-1,101.93,128
-1,101.93,128
-1,101.94,128
-1,101.95,128
-1,101.95,128
-1,101.96,128
-1,101.96,128
-1,101.97,128
-1,101.98,128
-1,101.98,128
-1,101.99,128
-1,102,128
-1,102,128
-1,102.01,128
-1,102.02,128
-1,102.02,128
-1,102.03,128
-1,102.03,128
-1,102.04,128
-1,102.05,128
-1,102.05,128
-1,102.06,128
-1,102.07,128
-1,102.07,128
-1,102.08,128
-1,102.08,128
-1,102.09,128
-1,102.1,128
-1,102.1,128
-1,102.11,128
-1,102.12,128
-1,102.12,128
-1,102.13,128
-1,102.14,128
-1,102.14,128
-1,102.15,128
-1,102.15,128
-1,102.16,128
-1,102.17,128
-1,102.17,128
-1,102.18,128
-1,102.19,128
-1,102.19,128
-1,102.2,128
-1,102.2,128
-1,102.21,128
-1,102.22,128
-1,102.22,128
-1,102.23,128
-1,102.24,128
-1,102.24,128
-1,102.25,128
-1,102.26,128
-1,102.26,128
-1,102.27,128
-1,102.27,128
-1,102.28,128
-1,102.29,128
-1,102.29,128
-1,102.3,128
-1,102.31,128
-1,102.31,128
-1,102.32,128
-1,102.32,128
-1,102.33,128
-1,102.34,128
-1,102.34,128
-1,102.35,128
-1,102.36,128
-1,102.36,128
-1,102.37,128
-1,102.38,128
-1,102.38,128
-1,102.39,128
-1,102.39,128
-1,102.4,128
-1,102.41,128
-1,102.41,128
-1,102.42,128
-1,102.43,128
-1,102.43,128
-1,102.44,128
-1,102.44,128
-1,102.45,128
7,102.46,128
7,102.46,128
7,102.47,128
7,102.46,128
7,102.46,128
7,102.45,128
7,102.44,128
7,102.43,128
7,102.43,128
7,102.42,128
7,102.41,128
7,102.41,128
7,102.4,128
7,102.39,128
7,102.39,128
7,102.38,128
7,102.37,128
7,102.36,128
7,102.36,128
7,102.35,128
7,102.34,128
7,102.34,128
7,102.33,128
7,102.32,128
7,102.31,128
7,102.31,128
7,102.3,128
7,102.29,128
7,102.29,128
7,102.28,128
7,102.27,128
7,102.26,128
7,102.26,128
7,102.25,128
7,102.24,128
7,102.24,128
7,102.23,128
7,102.22,128
7,102.22,128
7,102.21,128
7,102.2,128
7,102.19,128
7,102.19,128
7,102.18,128
7,102.17,128
7,102.17,128
7,102.16,128
7,102.15,128
7,102.14,128
7,102.14,128
7,102.13,128
7,102.12,128
7,102.12,128
7,102.11,128
7,102.1,128
7,102.1,128
7,102.09,128
7,102.08,128
7,102.07,128
7,102.07,128
7,102.06,128
7,102.05,128
7,102.05,128
7,102.04,128
7,102.03,128
7,102.02,128
7,102.02,128
7,102.01,128
7,102,128
7,102,128
7,101.99,128
7,101.98,128
7,101.97,128
7,101.97,128
7,101.96,128
7,101.95,128
7,101.95,128
7,101.94,128
7,101.93,128
7,101.93,128
7,101.92,128
7,101.91,128
7,101.9,128
7,101.9,128
7,101.89,128
7,101.88,128
7,101.88,128
7,101.87,128
7,101.86,128
7,101.85,128
7,101.85,128
7,101.84,128
7,101.83,128
7,101.83,128
7,101.82,128
7,101.81,128
7,101.81,128
7,101.8,128
7,101.79,128
7,101.78,128
7,101.78,128
7,101.77,128
7,101.76,128
7,101.76,128
7,101.75,128
7,101.74,128
7,101.73,128
7,101.73,128
7,101.72,128
7,101.71,128
7,101.71,128
7,101.7,128
7,101.69,128
7,101.68,128
7,101.68,128
7,101.67,128
7,101.66,128
7,101.66,128
7,101.65,128
7,101.64,128
7,101.64,128
7,101.63,128
7,101.62,128
7,101.61,128
7,101.61,128
7,101.6,128
7,101.59,128
7,101.59,128
7,101.58,128
7,101.57,128
7,101.56,128
7,101.56,128
7,101.55,128
7,101.54,128
7,101.54,128
7,101.53,128
7,101.52,128
7,101.52,128
7,101.51,128
7,101.5,128
7,101.49,128
7,101.49,128
7,101.48,128
7,101.47,128
7,101.47,128
7,101.46,128
7,101.45,128
7,101.44,128
7,101.44,128
7,101.43,128
7,101.42,128
7,101.42,128
7,101.41,128
7,101.4,128
7,101.4,128
7,101.39,128
7,101.38,128
7,101.37,128
7,101.37,128
7,101.36,128
7,101.35,128
7,101.35,128
7,101.34,128
7,101.33,128
7,101.32,128
7,101.32,128
7,101.31,128
7,101.3,128
7,101.3,128
7,101.29,128
7,101.28,128
7,101.27,128
7,101.27,128
7,101.26,128
7,101.25,128
7,101.25,128
7,101.24,128
7,101.23,128
7,101.23,128
7,101.22,128
7,101.21,128
7,101.2,128
7,101.2,128
7,101.19,128
7,101.18,128
7,101.18,128
7,101.17,128
7,101.16,128
7,101.15,128
7,101.15,128
7,101.14,128
7,101.13,128
7,101.13,128
7,101.12,128
7,101.11,128
7,101.11,128
7,101.1,128
7,101.09,128
7,101.08,128
7,101.08,128
7,101.07,128
7,101.06,128
7,101.06,128
7,101.05,128
7,101.04,128
7,101.03,128
7,101.03,128
7,101.02,128
7,101.01,128
7,101.01,128
7,101,128
7,100.99,128
7,100.98,128
7,100.98,128
7,100.97,128
7,100.96,128
7,100.96,128
7,100.95,128
7,100.94,128
7,100.94,128
7,100.93,128
7,100.92,128
7,100.91,128
7,100.91,128
7,100.9,128
7,100.89,128
7,100.89,128
7,100.88,128
7,100.87,128
7,100.86,128
7,100.86,128
7,100.85,128
7,100.84,128
7,100.84,128
7,100.83,128
7,100.82,128
7,100.82,128
7,100.81,128
7,100.8,128
7,100.79,128
7,100.79,128
7,100.78,128
7,100.77,128
7,100.77,128
7,100.76,128
7,100.75,128
7,100.74,128
7,100.74,128
7,100.73,128
7,100.72,128
7,100.72,128
7,100.71,128
7,100.7,128
7,100.69,128
7,100.69,128
7,100.68,128
7,100.67,128
7,100.67,128
7,100.66,128
7,100.65,128
7,100.65,128
7,100.64,128
7,100.63,128
7,100.62,128
7,100.62,128
7,100.61,128
#MOTOR_B1
-1,100,0
-1,100,0
-1,100,0
-1,100,0
-1,100,0
-1,75.77,0
-1,75.8,0
-1,75.83,0
-1,75.86,0
-1,75.88,0
-1,75.91,0
-1,75.94,0
-1,75.97,0
-1,76,0
-1,76.03,0
-1,76.05,0
-1,76.08,0
-1,76.11,0
-1,76.14,0
-1,76.17,0
-1,76.19,0
-1,76.22,0
-1,76.25,0
-1,76.28,0
-1,76.31,0
-1,76.33,0
-1,76.36,0
-1,76.39,0
-1,76.42,0
-1,76.45,0
-1,76.47,0
-1,76.5,0
-1,76.53,0
-1,76.56,0
-1,76.59,0
-1,76.62,0
-1,76.64,0
-1,76.67,0
-1,76.7,0
-1,76.73,0
-1,76.76,0
-1,76.78,0
-1,76.81,0
-1,76.84,128
-1,76.87,128
-1,76.9,128
-1,76.92,254.9
-1,76.95,254.9
-1,76.96,254.9
-1,76.98,254.9
-1,76.99,254.9
-1,77,254.9
-1,77.02,254.91
-1,77.03,254.91
-1,77.04,254.91
-1,77.06,254.91
-1,77.07,254.91
-1,77.08,254.91
-1,77.09,254.91
-1,77.11,254.91
-1,77.12,254.91
-1,77.13,254.91
-1,77.15,254.91
-1,77.16,254.92
-1,77.17,254.92
-1,77.19,254.92
-1,77.2,254.92
-1,77.21,254.92
-1,77.23,254.92
-1,77.24,254.92
-1,77.25,254.92
-1,77.27,254.92
-1,77.28,254.92
-1,77.29,254.93
-1,77.31,254.93
-1,77.32,254.93
-1,77.33,254.93
-1,77.35,254.93
-1,77.36,254.93
-1,77.37,254.93
-1,77.38,254.93
-1,77.4,254.93
-1,77.41,254.93
-1,77.42,254.93
-1,77.44,254.94
-1,77.45,254.94
-1,77.46,254.94
-1,77.48,254.94
2,77.49,254.94
2,79.13,254.94
2,80.78,254.94
2,82.42,254.94
2,84.07,254.94
2,85.71,254.94
2,87.36,254.94
2,89,254.95
2,90.65,254.95
2,92.29,254.95
2,93.94,254.95
2,95.58,254.95
2,97.23,254.95
2,98.87,254.95
2,98.85,254.95
2,98.83,254.95
2,98.81,254.95
2,98.79,254.96
2,98.77,254.96
2,98.75,254.96
2,98.74,254.96
2,98.72,254.96
2,98.7,254.96
2,98.68,254.96
2,98.66,254.96
2,98.64,254.96
2,98.62,254.96
2,98.6,254.96
2,98.58,254.97
2,98.56,254.97
2,98.54,254.97
2,98.52,254.97
2,98.5,254.97
2,98.48,254.97
2,98.46,254.97
2,98.44,254.97
2,98.42,254.97
2,98.4,254.97
2,98.39,254.97
2,98.37,254.98
2,98.35,254.98
2,98.33,254.98
2,98.31,254.98
2,98.29,254.98
2,98.27,254.98
2,98.25,254.98
2,98.23,254.98
2,98.21,254.98
2,98.22,254.98
2,98.22,254.99
2,98.23,254.99
2,98.24,254.99
2,98.25,254.99
2,98.25,254.99
2,98.26,254.99
2,98.27,254.99
2,98.28,254.99
2,98.28,254.99
2,98.29,254.99
2,98.3,254.99
2,98.31,255
2,98.31,255
2,98.32,255
2,98.33,255
2,98.34,255
2,98.34,255
2,98.35,255
2,98.36,255
2,98.36,255
2,98.37,255
2,98.38,255
2,98.39,255.01
2,98.39,255.01
2,98.4,255.01
2,98.41,255.01
2,98.42,255.01
2,98.42,255.01
2,98.43,255.01
2,98.44,255.01
2,98.45,255.01
2,98.45,255.01
2,98.46,255.02
2,98.47,255.02
2,98.47,255.02
2,98.48,255.02
2,98.49,255.02
2,98.5,255.02
2,98.5,255.02
2,98.51,255.02
2,98.52,255.02
2,98.53,255.02
2,98.53,255.02
2,98.54,255.03
2,98.55,255.03
2,98.56,255.03
2,98.56,255.03
2,98.57,255.03
2,98.58,255.03
2,98.59,255.03
2,98.59,255.03
2,98.6,255.03
2,98.61,255.03
2,98.61,255.03
2,98.62,255.04
2,98.63,255.04
2,98.64,255.04
2,98.64,255.04
2,98.65,255.04
2,98.66,255.04
2,98.67,255.04
2,98.67,255.04
2,98.68,255.04
6,113.33,255.18
6,113.68,255.18
6,114,255.18
6,114.32,255.18
6,114.65,255.18
6,114.97,255.18
6,115.29,255.19
6,115.61,255.19
6,115.93,255.19
6,116.25,255.19
6,116.57,255.19
6,116.89,255.19
6,117.22,255.19
6,117.54,255.19
6,117.86,255.19
6,118.18,255.19
6,118.5,255.2
6,118.82,255.2
6,119.14,255.2
6,119.46,255.2
6,119.78,255.2
6,120.11,255.2
6,120.43,255.2
6,120.75,255.2
6,121.07,255.2
6,121.39,255.2
6,121.71,255.2
6,122.03,255.21
6,122.35,255.21
6,122.67,255.21
6,123,255.21
6,123.32,255.21
6,123.64,255.21
6,123.96,255.21
6,124.28,255.21
6,124.6,255.21
6,124.92,255.21
6,125.24,255.21
6,125.57,255.22
6,125.89,255.22
6,126.21,255.22
6,126.53,255.22
6,126.85,255.22
6,127.17,255.22
6,127.49,255.22
6,127.81,255.22
6,128.13,255.22
6,128.46,255.22
6,128.78,255.23
6,129.1,255.23
6,129.42,255.23
6,129.74,255.23
6,130.06,255.23
6,130.38,255.23
6,130.7,255.23
6,131.02,255.23
6,131.35,255.23
6,131.67,255.23
6,131.99,255.23
6,132.31,255.24
6,132.63,255.24
6,132.95,255.24
6,133.27,255.24
6,133.59,255.24
6,133.92,255.24
6,134.24,255.24
6,134.56,255.24
6,134.88,255.24
6,135.2,255.24
6,88.56,255.24
6,88.7,255.25
6,88.85,255.25
6,88.98,255.25
6,89.12,255.25
6,89.25,255.25
6,89.38,255.25
6,89.52,255.25
6,89.65,255.25
6,89.78,255.25
6,89.92,255.25
6,90.05,255.26
6,90.18,255.26
6,90.32,255.26
6,90.45,255.26
6,90.58,255.26
6,90.72,255.26
6,90.85,255.26
6,90.98,255.26
6,91.12,255.26
6,91.25,255.26
6,91.38,255.26
6,91.52,255.27
6,91.65,255.27
6,91.78,255.27
6,91.92,255.27
6,92.05,255.27
6,92.18,255.27
6,92.32,255.27
6,92.45,255.27
6,92.58,255.27
6,92.71,255.27
6,92.85,255.27
6,92.98,255.28
6,93.11,255.28
6,93.25,255.28
6,93.38,255.28
6,93.51,255.28
6,93.65,255.28
6,93.78,255.28
6,93.91,255.28
6,94.05,255.28
6,94.18,255.28
6,94.31,255.29
6,94.45,255.29
6,94.58,255.29
6,94.71,255.29
6,94.85,255.29
6,94.98,255.29
6,95.11,255.29
6,95.25,255.29
6,95.38,255.29
6,95.51,255.29
6,95.65,255.29
6,95.78,255.3
6,95.91,255.3
6,96.05,255.3
6,96.18,255.3
6,96.31,255.3
6,96.45,255.3
6,96.58,255.3
6,96.71,255.3
6,96.85,255.3
6,96.98,255.3
6,97.11,255.3
6,97.25,255.31
6,97.38,255.31
6,97.51,255.31
6,97.65,255.31
6,97.78,255.31
6,97.91,255.31
6,98.05,255.31
6,98.18,255.31
6,98.31,255.31
6,98.45,255.31
6,98.58,255.32
6,98.71,255.32
6,98.85,255.32
6,98.98,255.32
6,99.11,255.32
6,99.25,255.32
6,99.38,255.32
6,99.51,255.32
6,99.64,255.32
6,99.78,255.32
6,99.91,255.32
6,100.04,255.33
6,100.18,255.33
6,100.31,255.33
6,100.44,255.33
6,100.58,255.33
6,100.71,255.33
6,100.84,255.33
6,100.98,255.33
6,101.11,255.33
6,101.24,255.33
6,101.38,255.33
6,101.51,255.34
6,101.64,255.34
6,101.78,255.34
6,101.91,255.34
6,102.04,255.34
6,102.18,255.34
6,102.31,255.34
6,102.44,255.34
6,102.58,255.34
6,102.71,255.34
6,102.84,255.35
6,102.98,255.35
6,103.11,255.35
6,103.24,255.35
6,103.38,255.35
6,103.51,255.35
6,103.64,255.35
6,103.78,255.35
6,103.91,255.35
6,104.04,255.35
6,104.18,255.35
6,104.31,255.36
6,104.44,255.36
6,104.58,255.36
6,104.71,255.36
6,104.84,255.36
6,104.98,255.36
6,105.11,255.36
6,105.24,255.36
6,105.38,255.36
6,105.51,255.36
6,105.64,255.36
6,105.78,255.37
6,105.91,255.37
6,106.04,255.37
6,106.18,255.37
6,106.31,255.37
6,106.44,255.37
6,106.57,255.37
6,106.71,255.37
6,106.84,255.37
6,106.97,255.37
6,107.11,255.38
6,107.24,255.38
6,107.37,255.38
6,107.51,255.38
6,107.64,255.38
6,107.77,255.38
6,107.91,255.38
6,108.04,255.38
6,108.17,255.38
6,108.31,255.38
6,108.44,255.38
6,108.57,255.39
6,108.71,255.39
6,108.84,255.39
6,108.97,255.39
6,109.11,255.39
6,109.24,255.39
6,109.37,255.39
6,109.51,255.39
6,109.64,255.39
6,109.77,255.39
6,109.91,255.39
6,110.04,255.4
6,110.17,255.4
6,110.31,255.4
6,110.44,255.4
6,110.57,255.4
6,110.71,255.4
6,110.84,255.4
6,110.97,255.4
6,111.11,255.4
6,111.24,255.4
6,111.37,255.41
6,111.51,255.41
6,111.64,255.41
6,111.77,255.41
6,111.91,255.41
6,112.04,255.41
6,112.17,255.41
6,112.31,255.41
6,112.44,255.41
6,112.57,255.41
6,112.71,255.41
6,112.84,255.42
6,112.97,255.42
6,113.11,255.42
6,113.24,255.42
6,113.37,255.42
6,113.5,255.42
6,113.64,255.42
6,113.77,255.42
6,113.9,255.42
6,114.04,255.42
6,114.17,255.42
6,114.3,255.43
6,114.44,255.43
6,114.57,255.43
6,114.7,255.43
6,114.84,255.43
6,114.97,255.43
6,115.1,255.43
6,115.24,255.43
6,115.37,255.43
6,115.5,255.43
6,115.64,255.44
6,115.77,255.44
6,115.9,255.44
6,116.04,255.44
6,116.17,255.44
6,116.3,255.44
6,116.44,255.44
6,116.57,255.44
6,116.7,255.44
6,116.84,255.44
6,116.97,255.44
6,117.1,255.45
6,117.24,255.45
6,117.37,255.45
6,117.5,255.45
6,117.64,255.45
6,117.77,255.45
6,117.9,255.45
6,118.04,255.45
6,118.17,255.45
6,118.3,255.45
6,118.44,255.45
6,118.57,255.46
6,118.7,255.46
6,118.84,255.46
6,118.97,255.46
6,119.1,255.46
6,119.24,255.46
6,119.37,255.46
6,119.5,255.46
6,119.64,255.46
6,119.77,255.46
6,119.9,255.47
6,120.04,255.47
6,120.17,255.47
6,120.3,255.47
6,120.43,255.47
6,120.57,255.47
6,120.7,255.47
6,120.83,255.47
6,120.97,255.47
6,121.1,255.47
6,121.23,255.47
6,121.37,255.48
6,121.5,255.48
6,121.63,255.48
6,121.77,255.48
6,121.9,255.48
6,122.03,255.48
6,122.17,255.48
6,122.3,255.48
6,122.43,255.48
6,122.57,255.48
6,122.7,255.48
6,122.83,255.49
6,122.97,255.49
6,123.1,255.49
6,123.23,255.49
6,123.37,255.49
6,123.5,255.49
6,123.63,255.49
6,123.77,255.49
6,123.9,255.49
6,124.03,255.49
6,124.17,255.5
6,124.3,255.5
6,124.43,255.5
6,124.57,255.5
6,124.7,255.5
6,124.83,255.5
6,124.97,255.5
6,125.1,255.5
6,125.23,255.5
6,125.37,255.5
6,125.5,255.5
6,125.63,255.51
6,125.77,255.51
6,125.9,255.51
6,126.03,255.51
6,126.17,255.51
6,126.3,255.51
6,126.43,254.54
6,126.57,253.58
6,126.7,252.61
6,126.83,251.65
6,126.97,250.68
6,127.1,249.72
6,127.23,248.75
6,127.36,247.79
6,127.5,246.82
6,127.63,245.86
6,127.76,244.89
6,127.9,243.93
6,128.03,242.96
6,128.16,242
6,128.3,241.03
6,128.43,240.07
6,128.56,239.1
6,128.7,238.14
6,128.83,237.17
6,128.96,236.21
6,129.1,235.24
6,129.23,234.28
6,129.36,233.31
6,129.5,232.35
6,129.63,231.38
6,129.76,230.42
6,129.9,229.45
6,130.03,228.49
6,130.16,227.52
6,130.3,226.56
6,130.43,225.59
6,130.56,224.63
6,130.7,223.66
6,130.83,222.69
6,130.96,221.73
6,131.1,220.76
6,131.23,219.8
6,131.36,218.83
6,131.5,217.87
6,131.63,216.9
6,131.76,215.94
6,131.9,214.97
6,132.03,214.01
6,132.16,213.04
6,132.3,212.08
6,132.43,211.11
6,132.56,210.15
6,132.7,209.18
6,132.83,208.22
6,132.96,207.25
6,133.1,206.29
6,133.23,205.32
6,133.36,204.36
6,133.5,203.39
6,133.63,202.43
6,133.76,201.46
6,133.9,200.5
6,134.03,199.53
6,134.16,198.57
6,134.29,197.6
6,134.43,196.64
6,134.56,195.67
6,134.69,194.71
6,134.83,193.74
6,134.96,192.77
6,135.09,191.81
6,135.23,190.84
6,135.36,189.88
6,135.49,188.91
6,135.63,187.95
6,135.76,186.98
6,135.89,186.02
6,136.03,185.05
6,136.16,184.09
6,136.29,183.12
6,136.43,182.16
6,136.56,181.19
6,136.69,180.23
6,136.83,179.26
6,136.96,178.3
6,137.09,177.33
6,137.23,176.37
6,137.36,175.4
6,137.49,174.44
6,137.63,173.47
6,137.76,172.51
6,137.89,171.54
6,138.03,170.58
6,138.16,169.61
6,138.29,168.65
6,138.43,167.68
6,138.56,166.72
6,138.69,165.75
6,138.83,164.79
6,138.96,163.82
6,139.09,162.86
6,139.23,161.89
6,139.36,160.92
6,139.49,159.96
6,139.63,159.16
6,139.76,158.36
6,139.89,157.56
6,140.03,156.76
6,140.16,155.96
6,140.29,155.16
6,140.43,154.36
6,140.56,153.56
6,140.69,152.76
6,140.83,151.96
6,140.96,151.16
6,141.09,150.36
6,141.22,149.56
6,141.36,148.76
6,141.49,147.96
6,141.62,147.16
6,141.76,146.36
6,141.89,145.56
6,142.02,144.76
6,142.16,143.96
6,142.29,143.16
6,142.42,142.36
6,142.56,141.56
6,142.69,140.76
6,142.82,139.96
6,142.96,139.16
6,143.09,138.36
6,143.22,137.56
6,143.36,136.76
6,143.49,135.96
6,143.62,135.16
6,143.76,134.36
6,143.89,133.56
6,144.02,132.76
6,144.16,131.96
6,144.29,131.16
6,144.42,130.36
6,144.56,129.56
6,144.69,128.76
6,144.82,127.96
6,144.96,127.16
6,145.09,126.36
6,145.22,125.56
6,145.36,124.76
6,145.49,123.96
6,145.62,123.16
6,145.76,122.36
6,145.89,121.56
6,146.02,120.76
6,146.16,119.96
6,146.29,119.16
6,146.42,118.36
6,146.56,117.56
6,146.69,116.76
6,146.82,115.96
6,146.96,115.16
6,147.09,114.36
6,147.22,113.56
6,147.36,112.76
6,147.49,111.96
6,147.62,111.16
6,147.76,110.36
6,147.89,109.56
6,148.02,108.76
6,148.15,107.96
6,148.29,107.16
6,148.42,106.36
6,148.55,105.56
6,148.69,104.76
6,148.82,103.96
6,148.95,103.16
6,149.09,102.36
6,149.22,101.56
6,149.35,100.76
6,149.49,99.96
6,149.62,99.16
6,149.75,98.36
6,149.89,97.56
6,150.02,96.76
6,150.15,95.96
6,150.29,95.16
6,150.42,94.36
6,150.55,93.56
6,150.69,92.76
6,150.82,91.96
6,150.95,91.16
6,151.09,90.36
6,151.22,89.56
6,151.35,88.76
6,151.49,87.96
6,151.62,87.16
6,151.75,86.36
6,151.89,85.56
6,152.02,84.76
6,152.15,83.96
6,152.29,83.16
6,152.42,82.36
6,152.55,81.56
6,152.69,80.76
6,152.82,79.96
6,152.95,79.16
6,153.09,78.36
6,153.22,77.56
6,153.35,76.76
6,153.49,75.96
6,153.62,75.16
6,153.75,74.37
6,153.89,73.57
6,154.02,72.77
6,154.15,71.97
6,154.29,71.17
6,154.42,70.37
6,154.55,69.57
6,154.69,68.77
6,154.82,67.97
6,154.95,67.17
6,155.08,66.37
6,155.22,65.57
6,155.35,64.77
6,155.48,63.97
6,155.62,63.17
6,155.75,62.37
6,155.88,61.57
6,156.02,60.77
6,156.15,59.97
6,156.28,59.17
6,156.42,58.37
6,156.55,57.57
6,156.68,56.77
6,156.82,55.97
6,156.95,55.17
6,157.08,54.37
6,157.22,53.57
6,157.35,52.77
6,157.48,51.97
6,157.62,51.17
6,157.75,50.37
6,157.88,49.57
6,158.02,48.77
6,158.15,47.97
6,158.28,47.17
6,158.42,46.37
6,158.55,45.57
6,158.68,44.77
6,158.82,43.97
6,158.95,43.17
6,159.08,42.37
6,159.22,41.57
6,159.35,40.77
6,159.48,39.97
6,159.62,39.17
6,159.75,38.37
6,159.88,37.57
6,160.02,36.77
6,160.15,35.97
6,160.28,35.17
6,160.42,34.37
6,160.55,33.57
6,160.68,32.77
6,160.82,31.97
6,160.95,31.17
6,161.08,30.37
6,161.22,29.57
6,161.35,28.77
6,161.48,27.97
6,161.62,27.17
6,161.75,26.37
6,161.88,25.57
6,162.01,24.77
6,162.15,23.97
6,162.28,23.17
6,162.41,22.37
6,162.55,21.57
6,162.68,20.77
6,162.81,19.97
6,162.95,19.17
6,163.08,18.37
6,163.21,17.57
6,163.35,16.77
6,163.48,15.97
6,163.61,15.17
6,163.75,14.37
6,163.88,13.57
6,164.01,12.77
6,164.15,11.97
6,164.28,11.17
6,164.41,10.37
6,164.55,9.57
6,164.68,8.77
6,164.81,7.97
6,164.95,7.17
6,165.08,6.37
6,165.21,5.57
6,165.35,4.77
6,165.48,3.97
6,165.61,3.17
6,165.75,2.37
6,165.88,2.36
6,166.01,2.35
6,166.15,2.35
6,166.28,2.34
6,166.41,2.33
6,166.55,2.32
6,166.68,2.32
6,166.81,2.31
6,166.95,2.3
6,167.08,2.29
6,167.21,2.28
6,167.35,2.28
6,167.48,2.27
6,167.61,2.26
6,167.75,2.25
6,167.88,2.25
6,168.01,2.24
6,168.15,2.23
6,168.28,2.22
6,168.41,2.21
6,168.55,2.21
6,168.68,2.2
6,168.81,2.19
6,168.94,2.18
6,169.08,2.18
6,169.21,2.17
6,169.34,2.16
6,169.48,2.15
6,169.61,2.14
6,169.74,2.14
6,169.88,2.13
6,170.01,2.12
6,170.14,2.11
6,170.28,2.11
6,170.41,2.1
6,170.54,2.09
6,170.68,2.08
6,170.81,2.07
6,170.94,2.07
6,171.08,2.06
6,171.21,2.05
6,171.34,2.04
6,171.48,2.04
6,171.61,2.03
6,171.74,2.02
6,171.88,2.01
6,172.01,2
6,172.14,2
6,172.28,1.99
6,172.41,1.98
6,172.54,1.97
6,172.68,1.97
6,172.81,1.96
6,172.94,1.95
6,173.08,1.94
6,173.21,1.93
6,173.34,1.93
6,173.48,1.92
6,173.61,1.91
6,173.74,1.9
6,173.88,1.89
6,174.01,1.89
6,174.14,1.88
6,174.28,1.87
6,174.41,1.86
6,174.54,1.86
6,174.68,1.85
6,174.81,1.84
6,174.94,1.83
6,175.08,1.82
6,175.21,1.82
6,175.34,1.81
6,175.48,1.8
6,175.61,1.79
6,175.74,1.79
6,175.87,1.78
6,176.01,1.77
6,176.14,1.76
6,176.27,1.75
6,176.41,1.75
6,176.54,1.74
6,176.67,1.73
6,176.81,1.72
6,176.94,1.72
6,177.07,1.71
6,177.21,1.7
6,177.34,1.69
6,177.47,1.68
6,177.61,1.68
6,177.74,1.67
6,177.87,1.66
6,178.01,1.65
6,178.14,1.65
6,178.27,1.64
6,178.41,1.63
6,178.54,1.62
6,178.67,1.61
6,178.81,1.61
6,178.94,1.6
6,179.07,1.59
6,179.21,129.11
6,179.34,129.11
7,100,129.1
7,100,129.09
7,100,129.08
7,100.74,129.07
7,100.74,129.07
7,100.74,129.06
7,100.73,129.05
7,100.73,129.04
7,100.73,129.04
7,100.73,129.03
7,100.73,129.02
7,100.73,129.01
7,100.72,129
7,100.72,129
7,100.72,128.99
7,100.72,128.98
7,100.72,128.97
7,100.71,128.97
7,100.71,128.96
7,100.71,128.95
7,100.71,128.94
7,100.71,128.93
7,100.71,128.93
7,100.7,128.92
7,100.7,128.91
7,100.7,128.9
7,100.7,128.9
7,100.7,128.89
7,100.69,128.88
7,100.69,128.87
7,100.69,128.86
7,100.69,128.86
7,100.69,128.85
7,100.69,128.84
7,100.68,128.83
7,100.68,128.83
7,100.68,128.82
7,100.68,128.81
7,100.68,128.8
7,100.67,128.79
7,100.67,128.79
7,100.67,128.78
7,100.67,128.77
7,100.67,128.76
7,100.67,128.76
7,100.66,128.75
7,100.66,128.74
7,100.66,128.73
7,100.66,128.72
7,100.66,128.72
7,100.65,128.71
7,100.65,128.7
7,100.65,128.69
7,100.65,128.69
7,100.65,128.68
7,100.65,128.67
7,100.64,128.66
7,100.64,128.65
7,100.64,128.65
7,100.64,128.64
7,100.64,128.63
7,100.63,128.62
7,100.63,128.61
7,100.63,128.61
7,100.63,128.6
7,100.63,128.59
7,100.63,128.58
7,100.62,128.58
7,100.62,128.57
7,100.62,128.56
7,100.62,128.55
7,100.62,128.54
7,100.61,128.54
7,100.61,128.53
7,100.61,128.52
7,100.61,128.51
7,100.61,128.51
7,100.6,128.5
7,100.6,128.49
7,100.6,128.48
7,100.6,128.47
7,100.6,128.47
7,100.6,128.46
7,100.59,128.45
7,100.59,128.44
7,100.59,128.44
7,100.59,128.43
7,100.59,128.42
7,100.58,128.41
7,100.58,128.4
7,100.58,128.4
7,100.58,128.39
7,100.58,128.38
7,100.58,128.37
7,100.57,128.37
7,100.57,128.36
7,100.57,128.35
7,100.57,128.34
7,100.57,128.33
7,100.56,128.33
7,100.56,128.32
7,100.56,128.31
7,100.56,128.3
7,100.56,128.3
7,100.56,128.29
7,100.55,128.28
7,100.55,128.27
7,100.55,128.26
7,100.55,128.26
7,100.55,128.25
7,100.54,128.24
7,100.54,128.23
7,100.54,128.23
7,100.54,128.22
7,100.54,128.21
7,100.54,128.21
7,100.53,128.21
7,100.53,128.21
7,100.53,128.21
7,100.53,128.21
7,100.53,128.21
7,100.52,128.21
7,100.52,128.21
7,100.52,128.21
7,100.52,128.21
7,100.52,128.21
7,100.52,128.21
7,100.51,128.21
7,100.51,128.21
7,100.51,128.21
7,100.51,128.21
7,100.51,128.21
7,100.5,128.21
7,100.5,128.21
7,100.5,128.21
7,100.5,128.21
7,100.5,128.21
7,100.5,128.21
7,100.49,128.21
7,100.49,128.21
7,100.49,128.21
7,100.49,128.21
7,100.49,128.21
7,100.48,128.21
7,100.48,128.21
7,100.48,128.21
7,100.48,128.21
7,100.48,128.21
7,100.48,128.21
7,100.47,128.21
7,100.47,128.21
7,100.47,128.21
7,100.47,128.21
7,100.47,128.21
7,100.46,128.21
7,100.46,128.21
7,100.46,128.21
7,100.46,128.21
7,100.46,128.21
7,100.46,128.21
7,100.45,128.21
7,100.45,128.21
7,100.45,128.21
7,100.45,128.21
7,100.45,128.21
7,100.44,128.21
7,100.44,128.21
7,100.44,128.21
7,100.44,128.21
7,100.44,128.21
7,100.44,128.21
7,100.43,128.21
7,100.43,128.21
7,100.43,128.21
7,100.43,128.21
7,100.43,128.21
7,100.42,128.21
7,100.42,128.21
7,100.42,128.21
7,100.42,128.21
7,100.42,128.21
7,100.42,128.21
7,100.41,128.21
7,100.41,128.21
7,100.41,128.21
7,100.41,128.21
7,100.41,128.21
7,100.4,128.21
7,100.4,128.21
7,100.4,128.21
7,100.4,128.21
7,100.4,128.21
7,100.4,128.21
7,100.39,128.21
7,100.39,128.21
7,100.39,128.21
7,100.39,128.21
7,100.39,128.21
7,100.38,128.21
7,100.38,128.21
7,100.38,128.21
7,100.38,128.21
7,100.38,128.21
7,100.38,128.21
7,100.37,128.21
7,100.37,128.21
7,100.37,128.21
7,100.37,128.21
7,100.37,128.21
7,100.36,128.21
7,100.36,128.21
7,100.36,128.21
7,100.36,128.21
7,100.36,128.21
7,100.35,128.21
7,100.35,128.21
7,100.35,128.21
7,100.35,128.21
7,100.35,128.21
7,100.35,128.21
7,100.34,128.21
7,100.34,128.21
7,100.34,128.21
7,100.34,128.21
7,100.34,128.21
7,100.33,128.21
7,100.33,128.21
7,100.33,128.21
7,100.33,128.21
7,100.33,128.21
7,100.33,128.21
7,100.32,128.21
7,100.32,128.21
7,100.32,128.21
7,100.32,128.21
7,100.32,128.21
7,100.31,128.21
7,100.31,128.21
7,100.31,128.21
7,100.31,128.21
7,100.31,128.21
7,100.31,128.21
7,100.3,128.21
7,100.3,128.21
7,100.3,128.21
7,100.3,128.21
7,100.3,128.21
7,100.29,128.21
7,100.29,128.21
7,100.29,128.21
7,100.29,128.21
7,100.29,128.21
7,100.29,128.21
7,100.28,128.21
7,100.28,128.21
7,100.28,128.21
7,100.28,128.21
7,100.28,128.21
7,100.27,128.21
7,100.27,128.21
7,100.27,128.21
7,100.27,128.21
7,100.27,128.21
7,100.27,128.21
7,100.26,128.21
7,100.26,128.21
7,100.26,128.21
7,100.26,128.21
7,100.26,128.21
7,100.25,128.21
7,100.25,128.21
7,100.25,128.21
7,100.25,128.21
7,100.25,128.21
7,100.25,128.21
7,100.24,128.21
7,100.24,128.21
7,100.24,128.21
7,100.24,128.21
7,100.24,128.21
7,100.23,128.21
7,100.23,128.21
7,100.23,128.21
7,100.23,128.21
7,100.23,128.21
7,100.23,128.21
7,100.22,128.21
7,100.22,128.21
7,100.22,128.21
7,100.22,128.21
7,100.22,128.21
7,100.21,128.21
7,100.21,128.21
7,100.21,128.21
7,100.21,128.21
7,100.21,128.21
7,100.21,128.21
7,100.2,128.21
7,100.2,128.21
7,100.2,128.21
7,100.2,128.21
7,100.2,128.21
7,100.19,128.21
7,100.19,128.21
7,100.19,128.21
7,100.19,128.21
7,100.19,128.21
7,100.19,128.21
7,100.18,128.21
7,100.18,128.21
7,100.18,128.21
7,100.18,128.21
7,100.18,128.21
7,100.17,128.21
7,100.17,128.21
7,100.17,128.21
7,100.17,128.21
7,100.17,128.21
7,100.17,128.21
7,100.16,128.21
7,100.16,128.21
7,100.16,128.21
7,100.16,128.21
7,100.16,128.21
7,100.15,128.21
7,100.15,128.21
7,100.15,128.21
7,100.15,128.21
7,100.15,128.21
7,100.15,128.21
7,100.14,128.21
7,100.14,128.21
7,100.14,128.21
7,100.14,128.21
7,100.14,128.21
7,100.13,128.21
7,100.13,128.21
7,100.13,128.21
7,100.13,128.21
7,100.13,128.21
7,100.13,128.21
7,100.12,128.21
7,100.12,128.21
7,100.12,128.21
7,100.12,128.21
7,100.12,128.21
7,100.11,128.21
7,100.11,128.21
7,100.11,128.21
7,100.11,128.21
7,100.11,128.21
7,100.1,128.21
7,100.1,128.21
7,100.1,128.21
7,100.1,128.21
7,100.1,128.21
7,100.1,128.21
7,100.09,128.21
7,100.09,128.21
7,100.09,128.21
7,100.09,128.21
7,100.09,128.21
7,100.08,128.21
7,100.08,128.21
7,100.08,128.21
7,100.08,128.21
7,100.08,128.21
7,100.08,128.21
7,100.07,128.21
7,100.07,128.21
7,100.07,128.21
7,100.07,128.21
7,100.07,128.21
7,100.06,128.21
7,100.06,128.21
7,100.06,128.21
7,100.06,128.21
7,100.06,128.21
7,100.06,128.21
7,100.05,128.21
7,100.05,128.21
7,100.05,128.21
7,100.05,128.21
7,100.05,128.21
7,100.04,128.21
7,100.04,128.21
7,100.04,128.21
7,100.04,128.21
7,100.04,128.21
7,100.04,128.21
7,100.03,128.21
7,100.03,128.21
7,100.03,128.21
7,100.03,128.21
7,100.03,128.21
7,100.02,128.21
7,100.02,128.21
7,100.02,128.21
7,100.02,128.21
7,100.02,128.21
7,100.02,128.21
7,100.01,128.21
7,100.01,128.21
7,100.01,128.21
7,100.01,128.21
7,100.01,128.21
7,100,128.21
7,100,128.21
7,100,128.21
7,100,128.21
7,100,128.21
7,100,128.21
7,99.99,128.21
7,99.99,128.21
7,99.99,128.21
7,99.99,128.21
7,99.99,128.21
7,99.98,128.21
7,99.98,128.21
7,99.98,128.21
7,99.98,128.21
7,99.98,128.21
7,99.98,128.21
7,99.97,128.21
7,99.97,128.2
7,99.97,128.2
7,99.97,128.2
7,99.97,128.2
7,99.96,128.2
7,99.96,128.2
7,99.96,128.19
7,99.96,128.19
7,99.96,128.19
7,99.96,128.19
7,99.95,128.19
7,99.95,128.19
7,99.95,128.18
7,99.95,128.18
7,99.95,128.18
7,99.94,128.18
7,99.94,128.18
7,99.94,128.18
7,99.94,128.17
7,99.94,128.17
7,99.94,128.17
7,99.93,128.17
7,99.93,128.17
7,99.93,128.17
7,99.93,128.17
7,99.93,128.16
7,99.92,128.16
7,99.92,128.16
7,99.92,128.16
7,99.92,128.16
7,99.92,128.16
7,99.92,128.15
7,99.91,128.15
7,99.91,128.15
7,99.91,128.15
7,99.91,128.15
7,99.91,128.15
7,99.9,128.14
7,99.9,128.14
7,99.9,128.14
7,99.9,128.14
7,99.9,128.14
7,99.9,128.14
7,99.89,128.13
7,99.89,128.13
7,99.89,128.13
7,99.89,128.13
7,99.89,128.13
7,99.88,128.13
7,99.88,128.13
7,99.88,128.12
7,99.88,128.12
7,99.88,128.12
7,99.88,128.12
7,99.87,128.12
7,99.87,128.12
7,99.87,128.11
7,99.87,128.11
7,99.87,128.11
7,99.86,128.11
7,99.86,128.11
7,99.86,128.11
7,99.86,128.1
7,99.86,128.1
7,99.85,128.1
7,99.85,128.1
7,99.85,128.1
7,99.85,128.1
7,99.85,128.09
7,99.85,128.09
7,99.84,128.09
7,99.84,128.09
7,99.84,128.09
7,99.84,128.09
7,99.84,128.08
7,99.83,128.08
7,99.83,128.08
7,99.83,128.08
7,99.83,128.08
7,99.83,128.08
7,99.83,128.08
7,99.82,128.07
7,99.82,128.07
7,99.82,128.07
7,99.82,128.07
7,99.82,128.07
7,99.81,128.07
7,99.81,128.06
7,99.81,128.06
7,99.81,128.06
7,99.81,128.06
7,99.81,128.06
7,99.8,128.06
7,99.8,128.05
7,99.8,128.05
7,99.8,128.05
7,99.8,128.05
7,99.79,128.05
7,99.79,128.05
7,99.79,128.04
7,99.79,128.04
7,99.79,128.04
7,99.79,128.04
7,99.78,128.04
7,99.78,128.04
7,99.78,128.04
7,99.78,128.03
7,99.78,128.03
7,99.77,128.03
7,99.77,128.03
7,99.77,128.03
7,99.77,128.03
7,99.77,128.02
7,99.77,128.02
7,99.76,128.02
7,99.76,128.02
7,99.76,128.02
7,99.76,128.02
7,99.76,128.01
7,99.75,128.01
7,99.75,128.01
7,99.75,128.01
7,99.75,128.01
7,99.75,128.01
7,99.75,128
7,99.74,128
7,99.74,128
7,99.74,128
#MOTOR_B2
-1,34.32,128
-1,34.33,128
-1,34.35,128
-1,34.36,128.01
-1,34.37,128.01
-1,34.39,128.01
-1,34.4,128.01
-1,34.41,128.01
-1,34.43,128.01
-1,34.44,128.02
-1,34.45,128.02
-1,34.47,128.02
-1,34.48,128.02
-1,34.49,128.02
-1,34.5,128.02
-1,34.52,128.03
-1,34.53,128.03
-1,34.54,128.03
-1,34.56,128.03
-1,34.57,128.03
-1,34.58,128.04
-1,34.26,104.06
-1,33.93,80.07
-1,33.61,56.09
-1,33.29,32.1
-1,32.97,8.12
-1,32.64,8.13
-1,32.32,8.13
-1,32,8.13
-1,31.68,8.13
-1,31.35,8.13
-1,31.03,8.14
-1,30.71,8.14
-1,30.39,8.14
-1,30.06,8.14
-1,29.74,8.14
-1,29.42,8.14
-1,29.1,8.15
-1,28.77,8.15
-1,28.45,8.15
-1,28.13,8.15
-1,27.81,8.15
-1,27.48,8.15
-1,27.16,8.16
-1,26.84,8.16
-1,26.52,8.16
-1,26.19,8.16
-1,25.87,8.16
-1,25.55,8.17
-1,25.23,8.17
-1,24.9,8.17
-1,24.58,8.17
-1,24.26,8.17
-1,23.94,8.17
-1,23.61,8.18
-1,23.29,8.18
-1,22.97,8.18
-1,22.65,8.18
-1,22.32,8.18
-1,22,8.19
-1,21.68,8.19
-1,21.35,8.19
-1,21.03,8.19
-1,20.71,8.19
-1,20.39,8.19
-1,20.06,8.2
-1,19.74,8.2
-1,19.42,8.2
-1,19.1,8.2
-1,18.77,8.2
-1,18.45,8.2
-1,18.13,8.21
-1,17.81,8.21
-1,17.48,8.21
-1,17.16,8.21
-1,16.84,8.21
-1,16.52,8.22
-1,16.19,8.22
-1,15.87,8.22
-1,15.55,8.22
-1,15.23,8.22
-1,14.9,8.22
-1,14.58,8.23
-1,14.26,8.23
-1,13.94,8.23
-1,13.61,8.23
-1,13.29,8.23
-1,12.97,8.24
-1,12.65,8.24
-1,12.32,8.24
-1,12,8.24
-1,11.68,8.24
-1,11.36,8.24
-1,11.03,8.25
-1,10.71,6.72
-1,10.39,5.19
-1,10.07,3.66
-1,9.74,2.13
-1,9.42,0.6
3,100,0.61
3,100,0.61
3,53.14,0.61
3,53.81,0.61
3,54.49,0.61
3,55.16,0.62
3,55.84,0.62
3,56.51,0.62
3,57.18,0.62
3,57.86,0.62
3,58.53,0.62
3,59.21,0.63
3,59.88,0.63
3,60.55,0.63
3,61.23,0.63
3,61.9,0.63
3,62.58,0.64
3,63.25,0.64
3,63.92,0.64
3,64.6,0.64
3,65.27,0.64
3,65.95,0.64
3,66.62,0.65
3,67.29,0.65
3,67.97,0.65
3,68.64,0.65
3,69.32,0.65
3,69.99,0.65
3,70.66,0.66
3,71.34,0.66
3,72.01,0.66
3,72.69,0.66
3,73.36,0.66
3,74.03,0.66
3,74.71,0.65
3,75.38,0.65
3,76.06,0.65
3,76.73,0.64
3,77.4,0.64
3,78.08,0.63
3,78.75,0.63
3,79.43,0.63
3,80.1,0.62
3,80.77,0.62
3,81.45,0.62
3,82.12,0.61
3,82.8,0.61
3,83.47,0.6
3,84.14,0.6
3,84.82,0.6
3,85.49,0.59
3,86.16,0.59
3,86.84,0.59
3,87.51,0.58
3,88.19,0.58
3,88.86,0.57
3,89.53,0.57
3,90.21,0.57
3,90.88,0.56
3,91.56,0.56
3,92.23,0.56
3,92.9,0.55
3,93.58,0.55
3,94.25,0.54
3,94.93,0.54
3,95.6,0.54
3,96.27,0.53
3,96.95,0.53
3,97.62,0.53
3,98.3,0.52
3,98.97,0.52
3,99.64,0.52
3,100.32,0.51
3,100.99,0.51
3,101.67,0.5
3,102.34,0.5
3,103.01,0.5
3,103.69,0.49
3,104.36,0.49
3,105.04,0.49
3,105.71,0.48
3,106.38,0.48
3,107.06,0.47
3,107.73,0.47
3,108.41,0.47
3,109.08,0.46
3,109.75,0.46
3,110.43,0.46
3,111.1,0.45
3,111.78,0.45
3,112.45,0.44
3,113.12,0.44
3,113.8,0.44
3,114.47,0.43
3,115.15,0.43
3,115.82,0.43
3,116.49,0.42
3,117.17,0.42
3,117.84,0.41
3,118.52,0.41
3,119.19,0.41
3,100,0.4
3,75.81,0.4
3,76.03,0.4
3,76.25,0.39
3,76.47,0.39
3,76.7,0.39
3,76.92,0.38
3,77.14,0.38
3,77.36,0.37
3,77.58,0.37
3,77.8,0.37
3,78.03,0.36
3,78.25,0.36
3,78.47,0.36
3,78.69,0.35
3,78.91,0.35
3,79.13,0.34
3,79.36,0.34
3,79.58,0.34
3,79.8,0.33
3,80.02,0.33
3,80.24,0.33
3,80.46,0.32
3,80.68,0.32
3,80.91,0.31
3,81.13,0.31
3,81.35,0.31
3,81.57,0.3
3,81.79,0.3
3,82.01,0.3
3,82.24,0.29
3,82.46,0.29
3,82.68,0.28
3,82.9,0.28
3,83.12,0.28
3,83.34,0.27
3,83.57,0.27
3,83.79,0.27
3,84.01,0.26
3,84.23,0.26
3,84.45,0.26
3,84.67,0.25
3,84.89,0.25
3,85.12,0.24
3,85.34,0.24
3,85.56,0.24
3,85.78,0.23
3,86,0.23
3,86.22,0.23
3,86.45,0.22
3,86.67,0.22
3,86.89,0.21
3,87.11,0.21
3,87.33,0.21
3,87.55,0.2
3,87.77,0.2
3,88,0.2
3,88.22,0.19
3,88.44,0.19
3,88.66,0.18
3,88.88,0.18
3,89.1,0.18
3,89.33,0.17
3,89.55,0.17
3,89.77,0.17
3,89.99,0.16
3,90.21,0.16
3,90.43,0.15
3,90.66,0.15
3,90.88,0.15
3,91.1,0.14
3,91.32,0.14
3,91.54,0.14
3,91.76,0.13
3,91.98,0.13
3,92.21,0.13
3,92.43,0.12
3,92.65,0.12
3,92.87,0.11
3,93.09,0.11
3,93.31,0.11
3,93.54,0.1
3,93.76,0.1
3,93.98,0.1
3,94.2,0.09
3,94.42,0.09
3,94.64,0.08
3,94.87,0.08
3,95.09,0.08
3,95.31,0.07
3,95.53,0.07
3,95.75,0.07
3,95.97,0.06
3,96.19,0.06
3,96.42,0.05
3,96.64,0.05
3,96.86,0.05
3,97.08,0.04
3,97.3,0.04
3,97.52,0.04
3,97.75,0.03
3,97.97,0.03
3,98.19,0.02
3,98.41,0.02
3,98.63,0.02
3,98.85,0.01
3,99.08,0.01
3,99.3,0.03
3,99.52,0.04
3,99.74,0.06
-1,99.75,0.08
-1,99.75,0.1
-1,99.76,0.11
-1,99.77,0.13
-1,99.77,0.15
-1,99.78,0.17
-1,99.78,0.18
-1,99.79,0.2
-1,99.8,0.22
-1,99.8,0.23
-1,99.81,0.25
-1,99.82,0.27
-1,99.82,0.29
-1,99.83,0.3
-1,99.83,0.32
-1,99.84,0.34
-1,99.85,0.36
-1,99.85,0.37
-1,99.86,128
-1,99.87,128
-1,99.87,128
-1,99.88,128
-1,99.89,128
-1,99.89,128
-1,99.9,128
-1,99.9,128
-1,99.91,128
-1,99.92,128
-1,99.92,128
-1,99.93,128
-1,99.94,128
-1,99.94,128
-1,99.95,128
-1,99.95,128
-1,99.96,128
-1,99.97,128
-1,99.97,128
-1,99.98,128
-1,99.99,128
-1,99.99,128
-1,100,128
-1,100.01,128
-1,100.01,128
-1,100.02,128
-1,100.02,128
-1,100.03,128
-1,100.04,128
-1,100.04,128
-1,100.05,128
-1,100.06,128
-1,100.06,128
-1,100.07,128
-1,100.07,128
-1,100.08,128
-1,100.09,128
-1,100.09,128
-1,100.1,128
-1,100.11,128
-1,100.11,128
-1,100.12,128
-1,100.13,128
-1,100.13,128
-1,100.14,128
-1,100.14,128
-1,100.15,128
-1,100.16,128
-1,100.16,128
-1,100.17,128
-1,100.18,128
-1,100.18,128
-1,100.19,128
-1,100.19,128
-1,100.2,128
-1,100.21,128
-1,100.21,128
-1,100.22,128
-1,100.23,128
-1,100.23,128
-1,100.24,128
-1,100.25,128
-1,100.25,128
-1,100.26,128
-1,100.26,128
-1,100.27,128
-1,100.28,128
-1,100.28,128
-1,100.29,128
-1,100.3,128
-1,100.3,128
-1,100.31,128
-1,100.32,128
-1,100.32,128
-1,100.33,128
-1,100.33,128
-1,100.34,128
-1,100.35,128
-1,100.35,128
-1,100.36,128
-1,100.37,128
-1,100.37,128
-1,100.38,128
-1,100.38,128
-1,100.39,128
-1,100.4,128
-1,100.4,128
-1,100.41,128
-1,100.42,128
-1,100.42,128
-1,100.43,128
-1,100.44,128
-1,100.44,128
-1,100.45,128
-1,100.45,128
-1,100.46,128
-1,100.47,128
-1,100.47,128
-1,100.48,128
-1,100.49,128
-1,100.49,128
-1,100.5,128
-1,100.5,128
-1,100.51,128
-1,100.52,128
-1,100.52,128
-1,100.53,128
-1,100.54,128
-1,100.54,128
-1,100.55,128
-1,100.56,128
-1,100.56,128
-1,100.57,128
-1,100.57,128
-1,100.58,128
-1,100.59,128
-1,100.59,128
-1,100.6,128
-1,100.61,128
-1,100.61,128
-1,100.62,128
-1,100.62,128
-1,100.63,128
-1,100.64,128
-1,100.64,128
-1,100.65,128
-1,100.66,128
-1,100.66,128
-1,100.67,128
-1,100.68,128
-1,100.68,128
-1,100.69,128
-1,100.69,128
-1,100.7,128
-1,100.71,128
-1,100.71,128
-1,100.72,128
-1,100.73,128
-1,100.73,128
-1,100.74,128
-1,100.74,128
-1,100.75,128
-1,100.76,128
-1,100.76,128
-1,100.77,128
-1,100.78,128
-1,100.78,128
-1,100.79,128
-1,100.8,128
-1,100.8,128
-1,100.81,128
-1,100.81,128
-1,100.82,128
-1,100.83,128
-1,100.83,128
-1,100.84,128
-1,100.85,128
-1,100.85,128
-1,100.86,128
-1,100.86,128
-1,100.87,128
-1,100.88,128
-1,100.88,128
-1,100.89,128
-1,100.9,128
-1,100.9,128
-1,100.91,128
-1,100.92,128
-1,100.92,128
-1,100.93,128
-1,100.93,128
-1,100.94,128
-1,100.95,128
-1,100.95,128
-1,100.96,128
-1,100.97,128
-1,100.97,128
-1,100.98,128
-1,100.98,128
-1,100.99,128
-1,101,128
-1,101,128
-1,101.01,128
-1,101.02,128
-1,101.02,128
-1,101.03,128
-1,101.04,128
-1,101.04,128
-1,101.05,128
-1,101.05,128
-1,101.06,128
-1,101.07,128
-1,101.07,128
-1,101.08,128
-1,101.09,128
-1,101.09,128
-1,101.1,128
-1,101.11,128
-1,101.11,128
-1,101.12,128
-1,101.12,128
-1,101.13,128
-1,101.14,128
-1,101.14,128
-1,101.15,128
-1,101.16,128
-1,101.16,128
-1,101.17,128
-1,101.17,128
-1,101.18,128
-1,101.19,128
-1,101.19,128
-1,101.2,128
-1,101.21,128
-1,101.21,128
-1,101.22,128
-1,101.23,128
-1,101.23,128
-1,101.24,128
-1,101.24,128
-1,101.25,128
-1,101.26,128
-1,101.26,128
-1,101.27,128
-1,101.28,128
-1,101.28,128
-1,101.29,128
-1,101.29,128
-1,101.3,128
-1,101.31,128
-1,101.31,128
-1,101.32,128
-1,101.33,128
-1,101.33,128
-1,101.34,128
-1,101.35,128
-1,101.35,128
-1,101.36,128
-1,101.36,128
-1,101.37,128
-1,101.38,128
-1,101.38,128
-1,101.39,128
-1,101.4,128
-1,101.4,128
-1,101.41,128
-1,101.41,128
-1,101.42,128
-1,101.43,128
-1,101.43,128
-1,101.44,128
-1,101.45,128
-1,101.45,128
-1,101.46,128
-1,101.47,128
-1,101.47,128
-1,101.48,128
-1,101.48,128
-1,101.49,128
-1,101.5,128
-1,101.5,128
-1,101.51,128
-1,101.52,128
-1,101.52,128
-1,101.53,128
-1,101.53,128
-1,101.54,128
-1,101.55,128
-1,101.55,128
-1,101.56,128
-1,101.57,128
-1,101.57,128
-1,101.58,128
-1,101.59,128
-1,101.59,128
-1,101.6,128
-1,101.6,128
-1,101.61,128
-1,101.62,128
-1,101.62,128
-1,101.63,128
-1,101.64,128
-1,101.64,128
-1,101.65,128
-1,101.65,128
-1,101.66,128
-1,101.67,128
-1,101.67,128
-1,101.68,128
-1,101.69,128
-1,101.69,128
-1,101.7,128
-1,101.71,128
-1,101.71,128
-1,101.72,128
-1,101.72,128
-1,101.73,128
-1,101.74,128
-1,101.74,128
-1,101.75,128
-1,101.76,128
-1,101.76,128
-1,101.77,128
-1,101.77,128
-1,101.78,128
-1,101.79,128
-1,101.79,128
-1,101.8,128
-1,101.81,128
-1,101.81,128
-1,101.82,128
-1,101.83,128
-1,101.83,128
-1,101.84,128
-1,101.84,128
-1,101.85,128
-1,101.86,128
-1,101.86,128
-1,101.87,128
-1,101.88,128
-1,101.88,128
-1,101.89,128
-1,101.89,128
-1,101.9,128
-1,101.91,128
-1,101.91,128
-1,101.92,128
-1,101.93,128
-1,101.93,128
-1,101.94,128
-1,101.95,128
-1,101.95,128
-1,101.96,128
-1,101.96,128
-1,101.97,128
-1,101.98,128
-1,101.98,128
-1,101.99,128
-1,102,128
-1,102,128
-1,102.01,128
-1,102.02,128
-1,102.02,128
-1,102.03,128
-1,102.03,128
-1,102.04,128
-1,102.05,128
-1,102.05,128
-1,102.06,128
-1,102.07,128
-1,102.07,128
-1,102.08,128
-1,102.08,128
-1,102.09,128
-1,102.1,128
-1,102.1,128
-1,102.11,128
-1,102.12,128
-1,102.12,128
-1,102.13,128
-1,102.14,128
-1,102.14,128
-1,102.15,128
-1,102.15,128
-1,102.16,128
-1,102.17,128
-1,102.17,128
-1,102.18,128
-1,102.19,128
-1,102.19,128
-1,102.2,128
-1,102.2,128
-1,102.21,128
-1,102.22,128
-1,102.22,128
-1,102.23,128
-1,102.24,128
-1,102.24,128
-1,102.25,128
-1,102.26,128
-1,102.26,128
-1,102.27,128
-1,102.27,128
-1,102.28,128
-1,102.29,128
-1,102.29,128
-1,102.3,128
-1,102.31,128
-1,102.31,128
-1,102.32,128
-1,102.32,128
-1,102.33,128
-1,102.34,128
-1,102.34,128
-1,102.35,128
-1,102.36,128
-1,102.36,128
-1,102.37,128
-1,102.38,128
-1,102.38,128
-1,102.39,128
-1,102.39,128
-1,102.4,128
-1,102.41,128
-1,102.41,128
-1,102.42,128
-1,102.43,128
-1,102.43,128
-1,102.44,128
-1,102.44,128
-1,102.45,128
7,102.46,128
7,102.46,128
7,102.47,128
7,102.46,128
7,102.46,128
7,102.45,128
7,102.44,128
7,102.43,128
7,102.43,128
7,102.42,128
7,102.41,128
7,102.41,128
7,102.4,128
7,102.39,128
7,102.39,128
7,102.38,128
7,102.37,128
7,102.36,128
7,102.36,128
7,102.35,128
7,102.34,128
7,102.34,128
7,102.33,128
7,102.32,128
7,102.31,128
7,102.31,128
7,102.3,128
7,102.29,128
7,102.29,128
7,102.28,128
7,102.27,128
7,102.26,128
7,102.26,128
7,102.25,128
7,102.24,128
7,102.24,128
7,102.23,128
7,102.22,128
7,102.22,128
7,102.21,128
7,102.2,128
7,102.19,128
7,102.19,128
7,102.18,128
7,102.17,128
7,102.17,128
7,102.16,128
7,102.15,128
7,102.14,128
7,102.14,128
7,102.13,128
7,102.12,128
7,102.12,128
7,102.11,128
7,102.1,128
7,102.1,128
7,102.09,128
7,102.08,128
7,102.07,128
7,102.07,128
7,102.06,128
7,102.05,128
7,102.05,128
7,102.04,128
7,102.03,128
7,102.02,128
7,102.02,128
7,102.01,128
7,102,128
7,102,128
7,101.99,128
7,101.98,128
7,101.97,128
7,101.97,128
7,101.96,128
7,101.95,128
7,101.95,128
7,101.94,128
7,101.93,128
7,101.93,128
7,101.92,128
7,101.91,128
7,101.9,128
7,101.9,128
7,101.89,128
7,101.88,128
7,101.88,128
7,101.87,128
7,101.86,128
7,101.85,128
7,101.85,128
7,101.84,128
7,101.83,128
7,101.83,128
7,101.82,128
7,101.81,128
7,101.81,128
7,101.8,128
7,101.79,128
7,101.78,128
7,101.78,128
7,101.77,128
7,101.76,128
7,101.76,128
7,101.75,128
7,101.74,128
7,101.73,128
7,101.73,128
7,101.72,128
7,101.71,128
7,101.71,128
7,101.7,128
7,101.69,128
7,101.68,128
7,101.68,128
7,101.67,128
7,101.66,128
7,101.66,128
7,101.65,128
7,101.64,128
7,101.64,128
7,101.63,128
7,101.62,128
7,101.61,128
7,101.61,128
7,101.6,128
7,101.59,128
7,101.59,128
7,101.58,128
7,101.57,128
7,101.56,128
7,101.56,128
7,101.55,128
7,101.54,128
7,101.54,128
7,101.53,128
7,101.52,128
7,101.52,128
7,101.51,128
7,101.5,128
7,101.49,128
7,101.49,128
7,101.48,128
7,101.47,128
7,101.47,128
7,101.46,128
7,101.45,128
7,101.44,128
7,101.44,128
7,101.43,128
7,101.42,128
7,101.42,128
7,101.41,128
7,101.4,128
7,101.4,128
7,101.39,128
7,101.38,128
7,101.37,128
7,101.37,128
7,101.36,128
7,101.35,128
7,101.35,128
7,101.34,128
7,101.33,128
7,101.32,128
7,101.32,128
7,101.31,128
7,101.3,128
7,101.3,128
7,101.29,128
7,101.28,128
7,101.27,128
7,101.27,128
7,101.26,128
7,101.25,128
7,101.25,128
7,101.24,128
7,101.23,128
7,101.23,128
7,101.22,128
7,101.21,128
7,101.2,128
7,101.2,128
7,101.19,128
7,101.18,128
7,101.18,128
7,101.17,128
7,101.16,128
7,101.15,128
7,101.15,128
7,101.14,128
7,101.13,128
7,101.13,128
7,101.12,128
7,101.11,128
7,101.11,128
7,101.1,128
7,101.09,128
7,101.08,128
7,101.08,128
7,101.07,128
7,101.06,128
7,101.06,128
7,101.05,128
7,101.04,128
7,101.03,128
7,101.03,128
7,101.02,128
7,101.01,128
7,101.01,128
7,101,128
7,100.99,128
7,100.98,128
7,100.98,128
7,100.97,128
7,100.96,128
7,100.96,128
7,100.95,128
7,100.94,128
7,100.94,128
7,100.93,128
7,100.92,128
7,100.91,128
7,100.91,128
7,100.9,128
7,100.89,128
7,100.89,128
7,100.88,128
7,100.87,128
7,100.86,128
7,100.86,128
7,100.85,128
7,100.84,128
7,100.84,128
7,100.83,128
7,100.82,128
7,100.82,128
7,100.81,128
7,100.8,128
7,100.79,128
7,100.79,128
7,100.78,128
7,100.77,128
7,100.77,128
7,100.76,128
7,100.75,128
7,100.74,128
7,100.74,128
7,100.73,128
7,100.72,128
7,100.72,128
7,100.71,128
7,100.7,128
7,100.69,128
7,100.69,128
7,100.68,128
7,100.67,128
7,100.67,128
7,100.66,128
7,100.65,128
7,100.65,128
7,100.64,128
7,100.63,128
7,100.62,128
7,100.62,128
7,100.61,128
