BVE2000000
#ACCELERATION
1.5,1,5,5,1.251699
2,1.7,23,23,2.936558
2.8,2.4,42,44,4
0,0,0,0,1
0,0,0,0,1
0,0,0,0,1
0,0,0,0,1
0,0,0,77,2.530611
#PERFORMANCE
4.7
3.5
#DELAY
0.4
0.2
0.3
0.3
0.3
0.3
#MOVE
90
70
150
130
230
200
#BRAKE
0
0
1
#PRESSURE
468
483
517
586
#HANDLE
1
3
4
0
#COCKPIT
-950
2450
-1400
#CAR
28
3
18
4
15
1
#DEVICE
1
0
0
0
0
2
0
0
#MOTOR_P1
0,11,0
0,12,0
0,13,0
0,14,0
0,15,0
0,16,0
0,16,0
0,17,0
0,18,1
0,19,2
0,20,3
0,21,4
0,22,5
0,23,6
0,24,8
0,25,9
0,26,10
0,26,11
0,27,11
0,28,13
0,29,15
0,30,17
0,31,19
0,32,21
0,33,23
0,34,25
0,35,28
0,36,30
0,37,32
0,37,34
0,38,36
0,39,38
0,40,40
0,41,42
0,42,44
0,43,46
0,44,48
0,45,50
0,46,52
0,47,54
0,47,57
0,48,59
0,49,61
0,50,63
0,51,65
0,52,67
0,53,69
0,54,71
0,56,73
0,57,75
0,58,77
0,59,79
0,59,81
0,60,83
0,61,86
0,62,88
0,63,90
0,64,92
0,65,94
0,65,96
0,66,98
0,67,99
0,68,100
0,69,102
0,70,103
0,71,104
0,71,106
0,72,107
0,73,108
0,74,110
0,75,111
0,76,113
0,76,114
0,77,115
0,78,118
0,79,119
0,80,121
0,81,122
0,82,124
0,82,125
0,83,127
0,84,127
0,85,127
0,86,127
0,87,127
0,88,127
0,88,127
0,89,127
0,90,127
0,91,127
0,92,127
0,93,127
0,94,127
0,94,127
0,95,127
0,96,127
0,97,127
0,98,127
0,99,127
0,100,127
0,100,127
0,101,127
0,102,127
0,103,127
0,104,127
0,105,127
0,106,127
0,106,127
0,107,127
0,108,127
0,109,127
0,110,127
0,111,127
0,111,127
0,112,127
0,113,127
0,114,127
0,115,127
0,116,127
0,117,127
0,117,127
0,118,127
0,119,127
0,120,127
0,121,127
0,122,127
0,123,127
0,123,127
0,124,127
0,125,127
0,126,127
0,127,127
0,128,127
0,129,127
0,129,127
0,130,127
0,131,127
0,132,127
0,133,127
0,134,127
0,135,127
0,135,127
0,136,127
0,137,127
0,138,127
0,139,127
0,140,125
0,140,121
0,141,117
0,142,113
0,143,109
0,144,105
0,145,101
0,146,97
0,146,92
0,147,88
0,148,84
0,149,80
0,150,76
0,151,72
0,152,68
0,152,64
0,153,60
0,154,82
0,155,60
0,156,61
0,156,61
0,157,62
0,158,63
0,159,64
0,160,64
0,161,65
0,161,66
0,162,67
0,163,67
0,162,68
0,163,69
0,164,70
0,164,70
0,165,71
0,166,72
0,166,73
0,167,73
0,168,74
0,168,75
0,169,75
0,170,76
0,170,77
0,171,78
0,172,78
0,172,79
0,173,80
0,173,81
0,174,81
0,175,82
0,175,83
0,176,84
0,177,84
0,177,85
0,178,86
0,179,88
0,179,88
0,180,89
0,181,89
0,181,89
0,182,90
0,183,90
0,183,91
0,184,91
0,184,91
0,185,92
0,186,92
0,186,92
0,187,93
0,188,93
0,188,94
0,189,94
0,190,94
0,190,95
0,191,95
0,192,95
0,192,96
0,193,96
0,194,96
0,194,97
0,195,97
0,195,98
0,196,98
0,197,98
0,197,99
0,198,99
0,199,99
0,199,100
0,200,100
0,201,101
0,201,101
0,202,101
0,203,102
0,203,102
0,204,102
0,205,102
0,205,102
0,206,102
0,207,103
0,207,103
0,208,103
0,208,103
0,209,103
0,210,103
0,210,103
0,211,103
0,212,103
0,213,103
0,213,103
0,214,102
0,214,102
0,215,102
0,215,102
0,216,102
0,216,102
0,216,102
0,217,102
0,217,102
0,217,101
0,218,101
0,218,100
0,218,100
0,219,100
0,219,100
0,219,99
0,220,99
0,220,99
0,220,98
0,221,98
0,221,98
0,221,97
0,222,96
0,222,96
0,222,95
0,223,94
0,223,93
0,223,93
0,224,92
0,224,91
0,224,90
0,225,89
0,225,89
0,225,88
0,225,87
0,226,86
0,226,86
0,226,85
0,227,84
0,227,83
0,227,82
0,228,82
0,228,81
0,228,80
0,229,79
0,229,79
0,229,78
0,230,77
0,230,76
0,230,76
0,231,75
0,231,74
0,231,73
0,232,72
0,232,72
0,232,71
0,233,70
0,233,69
0,233,69
0,234,68
0,234,67
0,234,66
0,235,65
0,235,65
0,235,64
0,236,63
0,236,62
0,236,62
0,237,61
0,237,60
0,237,59
0,238,58
0,238,58
0,238,57
0,239,56
0,239,55
0,239,55
0,240,54
0,240,53
0,240,52
0,240,52
0,241,51
0,241,50
0,241,49
0,242,48
0,242,48
0,242,47
0,243,46
0,243,45
0,243,45
0,244,44
0,244,43
0,244,42
0,245,41
0,245,41
0,245,40
0,246,39
0,246,38
0,246,38
0,247,36
0,247,36
0,247,36
0,247,36
0,247,36
0,248,36
0,248,36
0,248,36
0,248,36
0,249,36
0,249,36
0,249,35
0,250,35
0,250,35
0,250,35
0,251,35
0,251,35
0,251,35
0,251,35
0,252,35
0,252,35
0,252,35
0,253,35
0,253,35
0,253,35
0,254,35
0,254,35
0,254,35
0,254,35
0,255,35
0,255,35
0,255,35
0,256,34
0,256,34
0,256,34
0,257,34
0,257,34
0,257,34
0,257,34
0,258,34
0,258,34
0,258,34
0,259,34
0,259,34
0,259,34
0,259,34
0,260,34
0,260,34
0,260,34
0,261,34
0,261,34
0,261,34
0,262,34
0,262,34
0,262,33
0,262,33
0,263,33
0,263,33
0,263,33
0,264,33
0,264,33
0,264,33
0,265,33
0,265,33
0,265,33
0,265,33
0,266,33
0,266,33
0,266,33
0,267,33
0,267,33
0,267,33
0,268,33
0,268,33
0,268,33
0,268,32
0,269,32
0,269,32
0,269,32
0,270,32
0,270,32
0,270,32
0,271,32
0,271,32
0,271,32
0,271,32
0,272,32
0,272,32
0,272,32
0,273,32
0,273,32
0,273,32
0,273,32
0,274,32
0,274,32
0,274,32
0,275,31
0,275,31
0,275,31
0,276,31
0,276,31
0,276,31
0,276,31
0,277,31
0,277,31
0,277,31
0,278,31
0,278,31
0,278,31
0,279,31
0,279,31
0,279,31
0,279,31
0,280,31
0,280,31
0,280,31
0,281,31
0,281,31
0,281,30
0,282,30
0,282,30
0,282,30
0,282,30
0,283,30
0,283,30
0,283,30
0,283,30
0,283,30
0,283,30
0,284,30
0,284,30
0,284,30
0,284,30
0,284,30
0,284,30
0,285,30
0,285,30
0,285,30
0,285,30
0,285,29
0,285,29
0,286,29
0,286,29
0,286,29
0,286,29
0,286,29
0,286,29
0,287,29
0,287,29
0,287,29
0,287,29
0,287,29
0,287,29
0,288,29
0,288,29
0,288,29
0,288,29
0,288,29
0,288,29
0,289,29
0,289,28
0,289,28
0,289,28
0,289,28
0,289,28
0,290,28
0,290,28
0,290,28
0,290,28
0,290,28
0,290,28
0,291,28
0,291,28
0,291,28
0,291,28
0,291,28
0,292,28
0,292,28
0,292,28
0,292,28
0,292,28
0,292,28
0,293,27
0,293,27
0,293,27
0,293,27
0,293,27
0,294,27
0,294,27
0,294,27
0,294,27
0,295,27
0,295,27
0,295,27
0,295,27
0,295,27
0,295,27
0,296,27
0,296,27
0,296,27
0,296,27
0,296,27
0,296,27
0,297,26
0,297,26
0,297,26
0,297,26
0,297,26
0,297,26
0,298,26
0,298,26
0,298,26
0,298,26
0,298,26
0,298,27
0,298,26
0,299,26
0,299,26
0,299,26
0,299,26
0,299,26
0,299,26
0,300,26
0,300,25
0,300,25
0,300,25
0,300,25
0,300,25
0,301,25
0,301,25
0,301,24
0,301,24
0,301,24
0,301,24
0,301,24
0,302,24
0,302,24
0,302,23
0,302,23
0,302,23
0,302,23
0,303,23
0,303,23
0,303,23
0,303,23
0,303,22
0,303,22
0,304,22
0,304,22
0,304,22
0,304,22
0,304,22
0,304,21
0,305,21
0,305,21
0,305,21
0,305,21
0,306,21
0,306,21
0,306,20
0,306,20
0,306,20
0,306,20
0,307,20
0,307,20
0,307,20
0,307,20
0,307,19
0,307,19
0,307,19
0,308,19
0,308,19
0,308,19
0,308,19
0,308,18
0,308,18
0,309,18
0,309,18
0,309,18
0,309,18
0,309,18
0,309,18
0,310,17
0,310,17
0,310,17
0,310,17
0,310,17
0,310,17
0,310,17
0,311,16
0,311,16
0,311,16
0,311,16
0,311,16
0,311,16
0,312,16
0,312,15
0,312,15
0,312,15
0,312,15
0,312,15
0,313,15
0,313,15
0,313,15
0,313,14
0,313,14
0,313,14
0,314,14
0,314,14
0,314,14
0,314,14
0,314,13
0,314,13
0,314,13
0,315,13
0,315,13
0,315,13
0,315,13
0,315,12
0,315,12
0,316,12
0,316,12
0,316,12
0,316,12
0,316,12
0,316,12
0,317,11
0,317,11
0,317,11
0,317,11
0,317,11
0,317,11
0,317,11
0,318,10
0,318,10
0,318,10
0,318,10
0,318,10
0,318,10
0,319,10
0,319,9
0,319,9
0,319,9
0,319,9
0,319,9
0,320,9
0,320,9
0,320,9
0,320,8
0,399,8
0,399,8
0,399,8
0,399,9
0,399,9
0,399,9
0,399,8
0,399,8
0,399,8
0,399,8
0,399,8
0,399,8
0,399,8
0,399,8
0,399,8
0,399,8
0,399,8
0,399,7
0,399,7
0,399,7
0,399,7
0,399,7
0,399,7
0,399,7
0,399,7
0,399,7
0,399,7
0,399,6
0,399,6
0,399,6
0,399,6
0,399,6
0,399,6
0,399,6
0,399,6
0,399,6
0,399,6
0,399,5
0,399,5
0,399,5
0,399,5
0,399,5
0,399,5
0,399,5
0,399,5
0,399,5
0,399,5
0,399,5
0,399,4
0,399,4
0,399,4
0,399,4
0,399,4
0,399,4
0,399,4
0,399,4
0,399,4
0,399,4
0,399,3
0,399,3
0,399,3
0,399,3
0,399,3
0,399,3
0,399,3
0,399,3
0,399,3
0,399,3
0,399,2
0,399,2
0,399,2
0,399,2
0,399,2
0,399,2
0,399,2
0,399,2
0,399,2
0,399,2
0,399,2
0,399,1
0,399,1
0,399,1
0,399,1
0,399,1
0,399,1
0,399,1
0,399,1
0,399,1
0,399,1
0,399,0
0,399,0
0,399,0
0,399,0
0,399,0
0,399,0
0,399,0
0,399,0
0,377,115
#MOTOR_P2
1,10,1
1,10,1
1,10,1
1,10,1
1,10,1
1,10,1
1,10,1
1,12,1
1,14,1
1,16,1
1,18,1
1,20,1
1,22,1
1,24,1
1,26,1
1,28,1
1,30,1
1,32,1
1,34,1
1,36,1
1,38,1
1,40,1
1,42,1
1,45,1
1,47,1
1,49,1
1,51,1
1,53,1
1,55,1
1,57,1
1,59,1
1,61,1
1,63,1
1,65,1
1,67,1
1,69,1
1,71,1
1,73,1
1,77,1
1,77,1
1,78,1
1,78,1
1,79,1
1,79,1
1,80,1
1,80,1
1,81,1
1,81,1
1,82,1
1,82,1
1,83,1
1,83,1
1,84,1
1,84,1
1,85,1
1,85,1
1,86,1
1,86,1
1,87,1
1,87,1
1,87,1
1,88,1
1,88,1
1,89,1
1,89,1
1,90,1
1,90,1
1,91,1
1,91,1
1,92,1
1,92,1
1,93,1
1,93,1
1,94,1
1,94,1
1,95,1
1,95,1
1,96,1
1,96,1
1,97,1
1,97,1
1,98,1
1,98,1
1,98,1
1,98,1
1,99,1
1,99,1
1,99,1
1,99,1
1,99,1
1,99,1
1,100,1
1,100,1
1,100,1
1,100,1
1,100,1
1,100,1
1,100,1
1,101,1
1,101,1
1,101,1
1,101,1
1,101,1
1,101,1
1,101,1
1,102,1
1,102,1
1,102,1
1,102,1
1,102,1
1,102,1
1,102,1
1,103,1
1,103,1
1,103,1
1,103,1
1,103,1
1,103,1
1,104,1
1,104,1
1,104,1
1,104,1
1,104,1
1,104,1
1,104,1
1,105,1
1,105,1
1,105,1
1,105,2
1,105,2
1,105,2
1,106,2
1,106,2
1,106,2
1,106,2
1,106,2
1,106,2
1,106,2
1,107,2
1,107,2
1,107,2
1,107,2
1,107,2
1,107,2
1,107,2
1,107,2
1,107,2
1,107,2
1,108,2
1,108,2
1,108,2
1,108,2
1,108,2
1,108,3
1,108,3
1,108,3
1,108,3
1,108,3
1,108,3
1,108,3
1,108,3
1,108,3
1,109,3
1,109,3
1,109,3
1,109,3
1,109,3
1,109,3
1,109,3
1,109,3
1,109,3
1,109,3
1,109,3
1,109,3
1,109,3
1,109,3
1,109,3
1,110,3
1,110,4
1,110,4
1,110,4
1,110,4
1,110,4
1,110,4
1,110,4
1,110,4
1,110,4
1,110,4
1,110,4
1,110,4
1,110,4
1,111,4
1,111,4
1,111,4
1,111,4
1,111,4
1,111,4
1,111,4
1,111,4
1,111,4
1,111,4
1,111,4
1,111,4
1,111,5
1,111,5
1,111,5
1,112,5
1,112,5
1,112,5
1,112,5
1,112,5
1,112,5
1,112,5
1,112,5
1,112,5
1,112,5
1,112,5
1,112,5
1,112,5
1,112,5
1,113,5
1,113,5
1,113,5
1,113,5
1,113,5
1,113,5
1,113,5
1,113,5
1,113,6
1,113,6
1,113,6
1,113,6
1,113,6
1,113,6
1,113,6
1,114,6
1,114,6
1,114,6
1,114,6
1,114,6
1,114,6
1,114,6
1,114,6
1,114,6
1,114,6
1,114,6
1,114,6
1,114,6
1,114,6
1,114,6
1,115,6
1,115,6
1,115,6
1,115,7
1,115,7
1,115,7
1,115,7
1,115,7
1,115,7
1,115,7
1,115,7
1,115,7
1,115,7
1,115,7
1,116,7
1,116,7
1,116,7
1,116,7
1,116,7
1,116,7
1,116,7
1,116,7
1,116,7
1,116,7
1,116,7
1,116,7
1,116,7
1,116,7
1,116,8
1,117,8
1,117,8
1,117,8
1,117,8
1,117,8
1,117,8
1,117,8
1,117,8
1,117,8
1,117,8
1,117,8
1,117,8
1,117,8
1,117,8
1,118,8
1,118,8
1,118,8
1,118,8
1,118,8
1,118,8
1,118,8
1,118,8
1,118,8
1,118,8
1,118,9
1,118,9
1,118,9
1,118,9
1,118,9
1,119,9
1,119,9
1,119,9
1,119,9
1,119,9
1,119,9
1,119,9
1,119,9
1,119,9
1,119,9
1,119,9
1,119,9
1,119,9
1,119,9
1,120,9
1,120,9
1,120,9
1,120,9
1,120,9
1,120,9
1,120,10
1,120,10
1,120,10
1,120,10
1,120,10
1,120,10
1,120,10
1,120,10
1,120,10
1,121,10
1,121,10
1,121,10
1,121,10
1,121,10
1,121,10
1,121,10
1,121,10
1,121,10
1,121,10
1,121,10
1,121,10
1,121,10
1,121,10
1,122,10
1,122,10
1,122,10
1,122,10
1,122,10
1,122,10
1,122,10
1,122,10
1,122,10
1,122,10
1,122,10
1,122,10
1,122,10
1,122,10
1,122,10
1,122,10
1,122,10
1,122,10
1,122,10
1,122,10
1,122,10
1,122,10
1,122,10
1,122,10
1,122,10
1,122,10
1,122,10
1,122,10
1,122,10
1,122,10
1,122,10
1,123,10
1,123,10
1,123,10
1,123,10
1,123,10
1,123,10
1,123,10
1,123,10
1,123,10
1,123,10
1,123,10
1,123,10
1,123,10
1,123,10
1,123,10
1,123,10
1,123,10
1,123,10
1,123,10
1,123,10
1,123,10
1,123,10
1,123,10
1,123,10
1,123,10
1,123,10
1,123,10
1,123,10
1,123,10
1,123,10
1,123,10
1,123,10
1,123,10
1,123,10
1,123,10
1,123,10
1,123,10
1,123,10
1,123,11
1,123,11
1,123,11
1,123,11
1,123,11
1,123,11
1,123,11
1,123,11
1,123,11
1,123,11
1,123,11
1,123,11
1,123,11
1,123,11
1,123,11
1,123,11
1,123,11
1,123,11
1,123,11
1,123,11
1,124,11
1,124,11
1,124,11
1,124,11
1,124,11
1,124,11
1,124,11
1,124,11
1,124,11
1,124,11
1,124,11
1,124,11
1,124,11
1,124,11
1,124,11
1,124,11
1,124,11
1,124,11
1,124,11
1,124,11
1,124,11
1,124,11
1,124,11
1,124,11
1,124,11
1,124,11
1,124,11
1,124,11
1,124,11
1,124,11
1,124,11
1,124,11
1,124,11
1,124,11
1,124,11
1,124,11
1,124,11
1,124,11
1,124,11
1,124,11
1,124,11
1,124,11
1,124,11
1,124,11
1,124,11
1,124,11
1,124,11
1,124,11
1,124,11
1,124,11
1,124,11
1,124,11
1,124,11
1,124,11
1,124,11
1,124,11
1,124,11
1,124,11
1,125,11
1,125,11
1,125,11
1,125,11
1,125,11
1,125,11
1,125,11
1,125,11
1,125,11
1,125,11
1,125,11
1,125,11
1,125,11
1,125,11
1,125,11
1,125,11
1,125,11
1,125,11
1,125,11
1,125,11
1,125,11
1,125,11
1,125,11
1,125,11
1,125,11
1,125,11
1,125,11
1,125,11
1,125,11
1,125,11
1,125,11
1,125,11
1,125,11
1,125,11
1,125,11
1,125,11
1,125,11
1,125,11
1,125,11
1,125,11
1,125,11
1,125,11
1,125,11
1,125,11
1,125,11
1,125,11
1,125,11
1,125,11
1,125,11
1,125,11
1,125,11
1,125,11
1,125,11
1,125,11
1,125,11
1,125,11
1,125,11
1,126,11
1,126,11
1,126,11
1,126,11
1,126,11
1,126,11
1,126,11
1,126,11
1,126,11
1,126,11
1,126,11
1,126,11
1,126,11
1,126,11
1,126,11
1,126,11
1,126,11
1,126,11
1,126,11
1,126,11
1,126,11
1,126,11
1,126,11
1,126,12
1,126,12
1,126,12
1,126,12
1,126,12
1,126,12
1,126,12
1,126,12
1,126,12
1,126,12
1,126,12
1,126,12
1,126,12
1,126,12
1,126,12
1,126,12
1,126,12
1,126,12
1,126,12
1,126,12
1,126,12
1,126,12
1,126,12
1,126,12
1,126,12
1,126,12
1,126,12
1,126,12
1,126,12
1,126,12
1,126,12
1,126,12
1,126,12
1,127,12
1,127,12
1,127,12
1,127,12
1,127,12
1,127,12
1,127,12
1,127,12
1,127,12
1,127,12
1,127,12
1,127,12
1,127,12
1,127,12
1,127,12
1,127,12
1,127,12
1,127,12
1,127,12
1,127,12
1,127,12
1,127,12
1,127,12
1,127,12
1,127,12
1,127,12
1,127,12
1,127,12
1,127,12
1,127,12
1,127,12
1,127,12
1,127,12
1,127,12
1,127,12
1,127,12
1,127,12
1,127,12
1,127,12
1,127,12
1,127,12
1,127,12
1,127,12
1,127,12
1,127,12
1,127,12
1,127,12
1,127,12
1,127,12
1,127,12
1,127,12
1,127,12
1,127,12
1,127,12
1,128,12
1,128,12
1,128,12
1,128,12
1,128,12
1,128,12
1,128,12
1,128,12
1,128,12
1,128,12
1,128,12
1,128,12
1,128,12
1,128,12
1,128,12
1,128,12
1,128,12
1,128,12
1,128,12
1,128,12
1,128,12
1,128,12
1,128,12
1,128,12
1,128,12
1,128,11
1,128,11
1,128,11
1,128,11
1,128,11
1,128,11
1,128,11
1,128,11
1,128,11
1,128,11
1,128,11
1,128,11
1,128,11
1,128,11
1,128,11
1,128,11
1,128,11
1,128,11
1,128,11
1,128,11
1,128,11
1,128,11
1,128,11
1,128,11
1,128,11
1,128,11
1,128,11
1,128,11
1,129,11
1,129,11
1,129,11
1,129,11
1,129,11
1,129,11
1,129,11
1,129,11
1,129,11
1,129,11
1,129,11
1,129,11
1,129,11
1,129,11
1,129,11
1,129,11
1,129,11
1,129,11
1,129,11
1,129,11
1,129,11
1,129,11
1,129,11
1,129,11
1,129,11
1,129,11
1,129,11
1,129,11
1,129,11
1,129,11
1,129,11
1,129,11
1,129,11
1,129,11
1,129,11
1,129,11
1,129,11
1,129,11
1,129,11
1,129,11
1,129,11
1,129,11
1,129,11
1,129,11
1,129,10
1,129,10
1,129,10
1,129,10
1,129,10
1,129,10
1,129,10
1,129,10
1,129,10
1,129,10
1,130,10
1,130,10
1,130,10
1,130,10
1,130,10
1,130,10
1,130,10
1,130,10
1,130,10
1,130,10
1,130,10
1,130,10
1,130,10
1,130,10
1,130,10
1,130,10
1,130,10
1,130,10
1,130,10
1,130,10
1,130,10
1,130,10
1,130,10
1,130,10
1,130,10
1,130,10
1,130,10
-1,143,38
#MOTOR_B1
-1,77,21
2,77,36
2,77,51
2,77,66
2,77,81
2,77,81
2,78,81
2,78,82
2,78,82
2,78,82
2,78,82
2,78,82
2,78,82
2,78,81
2,79,81
2,79,81
2,79,80
2,79,80
2,79,80
2,79,80
2,79,79
2,79,79
2,80,54
2,80,28
2,80,3
2,80,3
2,80,3
2,80,3
2,80,3
2,80,3
2,81,3
2,81,3
2,81,3
2,81,3
2,81,3
2,81,3
2,81,3
2,81,3
2,82,3
2,82,3
2,82,3
2,82,3
2,82,3
2,82,3
2,82,3
2,82,3
2,82,3
2,83,3
2,83,3
2,83,3
2,83,3
2,83,3
2,83,3
2,83,3
2,83,3
2,84,3
2,84,3
2,84,2
2,84,2
2,84,2
2,84,2
2,84,2
2,84,2
2,85,2
2,85,2
2,85,2
2,85,2
2,85,2
2,85,2
2,85,2
2,85,2
2,86,2
2,86,2
2,86,2
2,86,2
2,86,2
2,86,2
2,86,2
2,86,2
2,87,2
2,87,2
2,87,2
2,87,2
2,87,2
2,87,2
2,88,2
2,88,2
2,88,2
2,88,2
2,88,2
2,88,2
2,88,2
2,88,2
2,89,2
2,89,2
2,89,2
2,89,2
2,89,2
2,89,2
2,89,2
2,90,2
2,90,1
2,90,1
2,90,1
2,90,1
2,90,1
2,90,1
2,91,1
2,91,1
2,91,1
2,91,1
2,91,1
2,91,1
2,91,1
2,91,1
2,92,1
2,92,1
2,92,1
2,92,1
2,92,1
2,92,1
2,92,1
2,93,1
2,93,1
2,93,1
2,93,1
2,93,1
2,93,1
2,93,1
2,94,1
2,94,1
2,94,1
2,94,1
2,94,1
2,94,1
2,94,1
2,95,1
2,95,1
2,95,1
2,95,1
2,95,1
2,95,1
2,95,1
2,95,1
2,96,0
2,96,0
2,96,0
2,96,0
2,96,0
2,96,0
2,96,0
2,97,0
2,97,0
2,97,0
2,97,0
2,97,0
2,97,0
2,97,0
2,98,0
2,98,0
2,98,0
2,98,0
2,98,0
2,98,0
2,98,0
2,98,0
2,99,0
2,99,0
2,99,0
2,99,0
2,99,0
2,99,0
2,99,0
2,100,0
2,100,0
2,100,0
2,100,0
2,101,0
2,101,0
2,101,0
2,101,0
2,101,0
2,101,0
2,101,0
2,101,0
2,101,0
2,101,0
2,101,0
2,101,0
2,101,0
2,101,0
2,101,0
2,101,0
2,101,0
2,101,0
2,101,0
2,101,0
2,101,0
2,101,0
2,101,0
2,101,0
2,101,0
2,101,0
2,101,0
2,101,0
2,101,0
2,101,0
2,101,0
2,101,0
2,101,0
2,101,0
2,101,0
2,101,0
2,101,0
2,101,0
2,101,0
2,101,0
2,101,0
2,101,0
2,101,0
2,101,0
2,101,0
2,101,0
2,101,0
2,101,0
2,101,0
2,101,0
2,101,0
2,101,0
2,101,0
2,101,0
2,101,0
2,101,0
2,101,0
2,101,0
2,101,0
2,101,0
2,101,0
2,101,0
2,101,0
2,101,0
2,101,0
2,101,0
2,101,0
2,101,0
2,101,0
2,101,0
2,101,0
2,101,0
2,101,0
2,101,0
2,101,0
2,101,0
2,101,0
2,101,0
2,101,0
2,101,0
2,101,0
2,101,0
2,101,0
2,101,0
2,101,0
2,101,0
2,101,0
2,101,0
2,101,0
2,101,0
2,101,0
2,101,0
2,101,0
2,101,0
2,101,0
2,101,0
2,101,0
2,101,0
2,101,0
2,101,0
2,101,0
2,101,0
2,101,0
2,101,0
2,101,0
2,101,0
2,101,0
2,101,0
2,101,0
2,101,0
2,101,0
2,101,0
2,101,0
2,101,0
2,101,0
2,101,0
2,101,0
2,101,0
2,101,0
2,101,0
2,101,0
2,101,0
2,101,0
2,101,0
2,101,0
2,101,0
2,101,0
2,101,0
2,101,0
2,101,0
2,101,0
2,101,0
2,101,0
2,101,0
2,101,0
2,101,0
2,101,0
2,101,0
2,101,0
2,101,0
2,101,0
2,101,0
2,101,0
2,101,0
2,101,0
2,101,0
2,101,0
2,101,0
2,101,0
2,101,0
2,101,0
2,101,0
2,101,0
2,101,0
2,101,0
2,101,0
2,101,0
2,101,0
2,101,0
2,101,0
2,101,0
2,101,0
2,101,0
2,101,0
2,101,0
-1,101,0
-1,101,0
-1,101,0
-1,101,0
-1,101,0
-1,101,0
-1,101,0
-1,101,0
-1,101,0
-1,101,0
-1,101,0
-1,101,0
-1,101,0
-1,101,0
-1,101,0
-1,101,0
-1,101,0
-1,101,0
-1,101,0
-1,101,0
-1,101,0
-1,101,0
-1,101,0
-1,101,0
-1,101,0
-1,101,127
-1,101,127
-1,101,127
-1,101,127
-1,101,127
-1,101,127
-1,101,127
-1,101,127
-1,101,127
-1,101,127
-1,101,127
-1,101,127
-1,101,127
-1,101,127
-1,101,127
-1,101,127
-1,101,127
-1,101,127
-1,101,127
-1,101,127
-1,101,127
-1,101,127
-1,90,127
-1,90,127
-1,90,127
-1,90,127
-1,90,127
-1,90,127
-1,90,127
-1,90,127
-1,90,127
-1,90,127
-1,90,127
-1,90,127
-1,90,127
-1,90,127
-1,90,127
-1,90,127
-1,90,127
-1,90,127
-1,90,127
-1,90,127
-1,90,127
-1,90,127
-1,90,127
-1,90,127
-1,90,127
-1,90,127
-1,90,127
-1,90,127
-1,90,127
-1,90,127
-1,90,127
-1,90,127
-1,90,127
-1,90,127
-1,90,127
-1,90,127
-1,90,127
-1,90,127
-1,90,127
-1,90,127
-1,90,127
-1,90,127
-1,90,127
-1,90,127
-1,90,127
-1,90,127
-1,90,127
-1,90,127
-1,90,127
-1,90,127
-1,90,127
-1,90,127
-1,90,127
-1,90,127
-1,90,127
-1,90,127
-1,90,127
-1,90,127
-1,90,127
-1,90,127
-1,90,127
-1,90,127
-1,90,127
-1,90,127
-1,90,127
-1,90,127
-1,90,127
-1,90,127
-1,90,127
-1,90,127
-1,90,127
-1,90,127
-1,90,127
-1,90,127
-1,90,127
-1,90,127
-1,90,127
-1,90,127
-1,90,127
-1,90,127
-1,90,127
-1,90,127
-1,90,127
-1,90,127
-1,90,127
-1,90,127
-1,90,127
-1,90,127
-1,90,127
-1,90,127
-1,90,127
-1,90,127
-1,90,127
-1,90,127
-1,90,127
-1,90,127
-1,90,127
-1,90,127
-1,90,127
-1,90,127
-1,90,127
-1,90,127
-1,90,127
-1,90,127
-1,90,127
-1,90,127
-1,90,127
-1,90,127
-1,90,127
-1,90,127
-1,90,127
-1,90,127
-1,90,127
-1,90,127
-1,90,127
-1,90,127
-1,90,127
-1,90,127
-1,90,127
-1,90,127
-1,90,127
-1,90,127
-1,90,127
-1,90,127
-1,90,127
-1,90,127
-1,90,127
-1,90,127
-1,90,127
-1,90,127
-1,90,127
-1,90,127
-1,90,127
-1,90,127
-1,90,127
-1,90,127
-1,90,127
-1,90,127
-1,90,127
-1,90,127
-1,90,127
-1,90,127
-1,90,127
-1,90,127
-1,90,127
-1,90,127
-1,90,127
-1,90,127
-1,90,127
-1,90,127
-1,90,127
-1,90,127
-1,90,127
-1,90,127
-1,90,127
-1,90,127
-1,90,127
-1,90,127
-1,90,127
-1,90,127
-1,90,127
-1,90,127
-1,90,127
-1,90,127
-1,90,127
-1,90,127
-1,90,127
-1,90,127
-1,90,127
-1,90,127
-1,90,127
-1,90,127
-1,90,127
-1,90,127
-1,90,127
-1,90,127
-1,90,127
-1,90,127
-1,90,127
-1,90,127
-1,90,127
-1,90,127
-1,90,127
-1,90,127
-1,90,127
-1,90,127
-1,90,127
-1,90,127
-1,90,127
-1,90,127
-1,90,127
-1,90,127
-1,90,127
-1,90,127
-1,90,127
-1,90,127
-1,90,127
-1,90,127
-1,90,127
-1,90,127
-1,90,127
-1,90,127
-1,90,127
-1,90,127
-1,90,127
-1,90,127
-1,90,127
-1,90,127
-1,90,127
-1,90,127
-1,90,127
-1,90,127
-1,90,127
-1,90,127
-1,90,127
-1,90,127
-1,90,127
-1,90,127
-1,90,127
-1,90,127
-1,90,127
-1,90,127
-1,90,127
-1,90,127
-1,90,127
-1,90,127
-1,90,127
-1,90,127
-1,90,127
-1,90,127
-1,90,127
-1,90,127
-1,90,127
-1,90,127
-1,90,127
-1,90,127
-1,90,127
-1,90,127
-1,90,127
-1,90,127
-1,90,127
-1,90,127
-1,90,127
-1,90,127
-1,90,127
-1,90,127
-1,90,127
-1,90,127
-1,90,127
-1,90,127
-1,90,127
-1,90,127
-1,90,127
-1,90,127
-1,90,127
-1,90,127
-1,90,127
-1,90,127
-1,90,127
-1,90,127
-1,90,127
-1,90,127
-1,90,127
-1,90,127
-1,90,127
-1,90,127
-1,90,127
-1,90,127
-1,90,127
-1,90,127
-1,90,127
-1,90,127
-1,90,127
-1,90,127
-1,90,127
-1,90,127
-1,90,127
-1,90,127
-1,90,127
-1,90,127
-1,90,127
-1,90,127
-1,90,127
-1,90,127
-1,90,127
-1,90,127
-1,90,127
-1,90,127
-1,90,127
-1,90,127
-1,90,127
-1,90,127
-1,90,127
-1,90,127
-1,90,127
-1,90,127
-1,90,127
-1,90,127
-1,90,127
-1,90,127
-1,90,127
-1,90,127
-1,90,127
-1,90,127
-1,90,127
-1,90,127
-1,90,127
-1,90,127
-1,90,127
-1,90,127
-1,90,127
-1,90,127
-1,90,127
-1,90,127
-1,90,127
-1,90,127
-1,90,127
-1,90,127
-1,90,127
-1,90,127
-1,90,127
-1,90,127
-1,90,127
-1,90,127
-1,90,127
-1,90,127
-1,90,127
-1,90,127
-1,90,127
-1,90,127
-1,90,127
-1,90,127
-1,90,127
-1,90,127
-1,90,127
-1,90,127
-1,90,127
-1,90,127
-1,90,127
-1,90,127
-1,90,127
-1,90,127
-1,90,127
-1,90,127
-1,90,127
-1,90,127
-1,90,127
-1,90,127
-1,90,127
-1,90,127
-1,90,127
-1,90,127
-1,90,127
-1,90,127
-1,90,127
-1,90,127
-1,90,127
-1,90,127
-1,90,127
-1,90,127
-1,90,127
-1,90,127
-1,90,127
-1,90,127
-1,90,127
-1,90,127
-1,90,127
-1,90,127
-1,90,127
-1,90,127
-1,90,127
-1,90,127
-1,90,127
-1,90,127
-1,90,127
-1,90,127
-1,90,127
-1,90,127
-1,90,127
-1,90,127
-1,90,127
-1,90,127
-1,90,127
-1,90,127
-1,90,127
-1,90,127
-1,90,127
-1,90,127
-1,90,127
-1,90,127
-1,90,127
-1,90,127
-1,90,127
-1,90,127
-1,90,127
-1,90,127
-1,90,127
-1,90,127
-1,90,127
-1,90,127
-1,90,127
-1,90,127
-1,90,127
-1,90,127
-1,90,127
-1,90,127
-1,90,127
-1,90,127
-1,90,127
-1,90,127
-1,133,127
#MOTOR_B2
0,12,0
0,13,0
0,14,0
0,15,0
0,16,0
0,17,0
0,17,0
0,18,0
0,19,0
0,20,0
0,21,0
0,22,0
0,23,1
0,24,3
0,25,5
0,26,6
0,27,8
0,26,10
0,27,12
0,28,14
0,29,15
0,30,17
0,31,19
0,31,21
0,32,22
0,33,24
0,34,26
0,35,28
0,36,30
0,37,31
0,38,33
0,39,35
0,40,37
0,41,38
0,41,40
0,42,42
0,43,44
0,44,46
0,45,47
0,46,49
0,47,51
0,48,53
0,49,55
0,50,56
0,51,58
0,51,60
0,52,62
0,53,64
0,54,65
0,55,67
0,56,69
0,57,71
0,58,72
0,59,74
0,60,76
0,61,78
0,61,80
0,62,81
0,63,83
0,64,85
0,65,87
0,66,88
0,67,90
0,68,92
0,69,94
0,70,96
0,71,97
0,71,99
0,72,101
0,73,103
0,74,105
0,75,106
0,76,108
0,77,110
0,78,112
0,79,114
0,80,115
0,81,117
0,81,119
0,82,121
0,83,122
0,84,124
0,85,126
0,86,126
0,87,126
0,88,126
0,89,126
0,90,126
0,91,126
0,91,126
0,92,126
0,93,126
0,94,126
0,95,126
0,96,126
0,97,126
0,98,126
0,99,126
0,100,126
0,101,127
0,101,127
0,102,127
0,103,127
0,104,127
0,105,127
0,106,127
0,107,127
0,108,127
0,109,127
0,110,127
0,111,127
0,111,127
0,112,127
0,113,127
0,114,126
0,115,125
0,116,124
0,117,123
0,118,121
0,118,120
0,119,119
0,120,118
0,121,117
0,122,116
0,123,115
0,124,114
0,125,112
0,125,111
0,126,110
0,127,109
0,128,108
0,129,107
0,130,106
0,131,104
0,132,103
0,132,102
0,133,101
0,134,100
0,135,99
0,136,98
0,137,97
0,138,95
0,139,94
0,139,93
0,140,92
0,141,91
0,142,90
0,143,89
0,144,87
0,145,86
0,146,85
0,147,84
0,148,83
0,148,82
0,149,81
0,150,80
0,150,79
0,151,78
0,152,79
0,152,79
0,153,80
0,154,80
0,154,80
0,155,81
0,156,81
0,156,81
0,157,82
0,157,82
0,158,82
0,159,83
0,159,83
0,160,83
0,161,84
0,161,84
0,162,84
0,163,85
0,163,85
0,164,85
0,165,86
0,165,86
0,166,86
0,167,87
0,167,87
0,168,87
0,169,88
0,169,88
0,170,88
0,171,88
0,171,89
0,172,89
0,172,89
0,173,90
0,174,90
0,174,90
0,175,91
0,176,91
0,176,91
0,177,92
0,178,92
0,178,92
0,179,93
0,180,93
0,180,93
0,181,94
0,182,94
0,182,94
0,183,95
0,184,95
0,184,95
0,185,96
0,186,96
0,186,96
0,187,96
0,188,97
0,188,97
0,189,97
0,190,97
0,190,97
0,191,97
0,191,98
0,192,98
0,193,98
0,193,98
0,194,98
0,195,99
0,195,99
0,196,99
0,197,99
0,197,99
0,198,99
0,199,100
0,199,100
0,200,100
0,201,100
0,201,100
0,202,101
0,203,101
0,203,101
0,204,101
0,205,101
0,205,101
0,206,102
0,206,102
0,207,102
0,208,102
0,208,102
0,209,102
0,210,102
0,210,102
0,211,102
0,212,102
0,212,102
0,213,102
0,214,102
0,214,102
0,214,102
0,215,102
0,214,102
0,214,102
0,215,102
0,215,102
0,215,102
0,216,102
0,216,101
0,216,101
0,217,101
0,217,100
0,217,100
0,218,100
0,218,99
0,218,99
0,219,98
0,219,98
0,219,98
0,219,97
0,220,97
0,220,96
0,220,96
0,221,96
0,221,95
0,221,95
0,222,94
0,222,93
0,222,93
0,223,92
0,223,91
0,223,90
0,224,89
0,224,89
0,224,88
0,225,87
0,225,86
0,225,85
0,226,85
0,226,84
0,226,83
0,227,82
0,227,81
0,227,81
0,228,80
0,228,79
0,228,78
0,228,78
0,229,77
0,229,76
0,229,75
0,230,74
0,230,74
0,230,73
0,231,72
0,231,71
0,231,70
0,232,70
0,232,69
0,232,68
0,233,67
0,233,66
0,233,66
0,234,65
0,234,64
0,234,63
0,235,62
0,235,62
0,235,61
0,236,60
0,236,59
0,236,58
0,237,58
0,237,57
0,237,56
0,237,55
0,238,54
0,238,54
0,238,53
0,239,52
0,239,51
0,239,51
0,240,50
0,240,49
0,240,48
0,241,47
0,241,47
0,241,46
0,242,45
0,242,44
0,242,43
0,243,43
0,243,42
0,243,41
0,244,40
0,244,39
0,244,39
0,245,38
0,245,37
0,245,92
0,246,37
0,246,37
0,246,37
0,246,37
0,247,37
0,247,37
0,247,37
0,248,37
0,248,37
0,248,36
0,249,36
0,249,36
0,249,36
0,250,36
0,250,36
0,250,36
0,251,36
0,251,36
0,251,36
0,252,36
0,252,36
0,252,36
0,253,36
0,253,36
0,253,36
0,254,36
0,254,36
0,254,35
0,255,35
0,255,35
0,255,35
0,256,35
0,256,35
0,256,35
0,256,35
0,257,35
0,257,35
0,257,35
0,258,35
0,258,35
0,258,35
0,259,35
0,259,35
0,259,35
0,260,35
0,260,34
0,260,34
0,261,34
0,261,34
0,261,34
0,262,34
0,262,34
0,262,34
0,263,34
0,263,34
0,263,34
0,264,34
0,264,34
0,264,34
0,265,34
0,265,34
0,265,34
0,265,34
0,266,33
0,266,33
0,266,33
0,267,33
0,267,33
0,267,33
0,268,33
0,268,33
0,268,33
0,269,33
0,269,33
0,269,33
0,270,33
0,270,33
0,270,33
0,271,33
0,271,33
0,271,32
0,272,32
0,272,32
0,272,32
0,273,32
0,273,32
0,273,32
0,274,32
0,274,32
0,274,32
0,274,32
0,275,32
0,275,32
0,275,32
0,276,32
0,276,32
0,276,32
0,276,32
0,277,31
0,277,31
0,277,31
0,277,31
0,278,31
0,278,31
0,278,31
0,278,31
0,278,31
0,279,31
0,279,31
0,279,31
0,279,31
0,280,31
0,280,31
0,280,31
0,280,31
0,281,31
0,281,30
0,281,30
0,281,30
0,281,30
0,282,30
0,282,30
0,282,30
0,282,30
0,283,30
0,283,30
0,283,30
0,283,30
0,284,30
0,284,30
0,284,30
0,284,30
0,284,30
0,285,30
0,285,29
0,285,29
0,285,29
0,285,29
0,285,29
0,286,29
0,286,29
0,286,29
0,286,29
0,286,29
0,286,29
0,287,29
0,287,29
0,287,29
0,287,29
0,287,29
0,287,29
0,288,29
0,288,28
0,288,28
0,288,28
0,288,28
0,288,28
0,289,28
0,289,28
0,289,28
0,289,28
0,289,28
0,289,28
0,290,28
0,290,28
0,290,28
0,290,28
0,290,28
0,290,27
0,291,27
0,291,27
0,291,27
0,291,27
0,291,27
0,291,27
0,292,27
0,292,27
0,292,27
0,292,27
0,292,27
0,292,27
0,293,27
0,293,27
0,293,27
0,293,27
0,293,27
0,293,27
0,294,27
0,294,27
0,294,27
0,294,26
0,294,26
0,294,26
0,295,26
0,295,26
0,295,26
0,295,26
0,295,26
0,295,26
0,296,26
0,296,26
0,296,26
0,296,26
0,296,26
0,297,26
0,297,26
0,297,26
0,297,26
0,297,26
0,297,26
0,298,26
0,298,26
0,298,26
0,298,25
0,298,25
0,298,25
0,299,25
0,299,25
0,299,25
0,299,25
0,299,25
0,299,25
0,300,25
0,300,25
0,300,24
0,300,24
0,300,24
0,300,24
0,301,24
0,301,23
0,301,23
0,301,23
0,301,23
0,301,23
0,302,23
0,302,23
0,302,23
0,302,22
0,302,22
0,302,22
0,303,22
0,303,22
0,303,22
0,303,22
0,303,22
0,303,21
0,304,21
0,304,21
0,304,21
0,304,21
0,304,21
0,304,21
0,305,21
0,305,21
0,305,20
0,305,20
0,305,20
0,305,20
0,306,20
0,306,20
0,306,20
0,306,20
0,306,19
0,306,19
0,307,19
0,307,19
0,307,19
0,307,19
0,307,19
0,307,19
0,308,19
0,308,18
0,308,18
0,308,18
0,308,18
0,308,18
0,309,18
0,309,18
0,309,18
0,309,17
0,309,17
0,310,17
0,310,17
0,310,17
0,310,17
0,310,17
0,310,17
0,311,16
0,311,16
0,311,16
0,311,16
0,311,16
0,311,16
0,312,16
0,312,16
0,312,16
0,312,15
0,312,15
0,312,15
0,313,15
0,313,15
0,313,15
0,313,15
0,313,15
0,313,14
0,314,14
0,314,14
0,314,14
0,314,14
0,314,14
0,314,14
0,315,14
0,315,14
0,315,13
0,315,13
0,315,13
0,315,13
0,316,13
0,316,13
0,316,13
0,316,13
0,316,12
0,316,12
0,317,12
0,317,12
0,317,12
0,317,12
0,317,12
0,317,12
0,318,11
0,318,11
0,318,11
0,318,11
0,318,11
0,318,11
0,319,11
0,319,11
0,319,10
0,319,10
0,319,10
0,319,10
0,320,10
0,320,10
0,320,10
0,320,10
0,320,9
0,320,9
0,321,9
0,321,9
0,321,9
0,399,9
0,399,9
0,399,9
0,399,9
0,399,9
0,399,8
0,399,8
0,399,8
0,399,8
0,399,8
0,399,8
0,399,8
0,399,8
0,399,8
0,399,8
0,399,7
0,399,7
0,399,7
0,399,7
0,399,7
0,399,7
0,399,7
0,399,7
0,399,7
0,399,7
0,399,6
0,399,6
0,399,6
0,399,6
0,399,6
0,399,6
0,399,6
0,399,6
0,399,6
0,399,6
0,399,5
0,399,5
0,399,5
0,399,5
0,399,5
0,399,5
0,399,5
0,399,5
0,399,5
0,399,5
0,399,4
0,399,4
0,399,4
0,399,4
0,399,4
0,399,4
0,399,4
0,399,4
0,399,4
0,399,4
0,399,3
0,399,3
0,399,3
0,399,3
0,399,3
0,399,3
0,399,3
0,399,3
0,399,3
0,399,3
0,399,2
0,399,2
0,399,2
0,399,2
0,399,2
0,399,2
0,399,2
0,399,2
0,399,2
0,399,2
0,399,1
0,399,1
0,399,1
0,399,1
0,399,1
0,399,1
0,399,1
0,399,1
0,399,1
0,399,1
0,399,0
0,399,0
0,399,0
0,399,0
0,399,0
0,399,0
0,399,0
0,399,0
0,399,37
-1,399,126
#
