BVE2000000
#ACCELERATION
1.5,1,5,5,1.251699
2,1.7,23,23,2.936558
2.8,2.4,42,44,4
0,0,0,0,1
0,0,0,0,1
0,0,0,0,1
0,0,0,0,1
0,0,0,0,1
#PERFORMANCE
7.0
0.35
#DELAY
0.4
0.2
0.3
0.3
0.1
0.1
#MOVE
120
70
300
350
300
350
#BRAKE
1
2
3
#PRESSURE
250
270
590
650
#HANDLE
1
3
5
0
#COCKPIT
-730
1780
-5100
#CAR
28.5
4
21.5
2
16.8
1
2.62
2.87
1.5
#DEVICE
1
0
0
0
0
2
0
0
2
2
#MOTOR_P1
-1,19,55
-1,20,55
-1,20,55
-1,21,0
1,21,0
1,22,0
1,23,0
1,23,0
1,24,0
1,24,0
1,25,0
1,26,0
1,26,0
1,27,0
1,28,0
1,28,0
1,29,0
1,29,0
1,30,0
1,31,0
1,31,0
1,32,0
1,32,0
1,33,0
1,34,0
1,34,0
1,35,1
1,35,1
1,36,1
1,37,1
1,37,1
1,38,2
1,39,2
1,39,2
1,40,2
1,40,2
1,41,2
1,42,2
1,42,2
1,43,3
1,43,3
1,44,3
1,45,3
1,45,3
1,46,3
1,46,3
1,47,4
1,48,4
1,48,4
1,49,4
1,49,4
1,50,4
1,51,5
1,51,5
1,52,5
1,53,5
1,53,5
1,54,6
1,54,6
1,55,6
1,56,6
1,56,6
1,57,6
1,57,7
1,58,7
1,59,7
1,59,7
1,60,7
1,60,8
1,61,8
1,62,8
1,62,8
1,63,8
1,64,8
1,64,9
1,65,9
1,65,9
1,66,9
1,67,9
1,68,10
1,69,10
1,70,10
1,70,10
1,71,10
1,72,11
1,73,11
1,74,11
1,75,11
1,77,11
1,78,11
1,80,12
1,81,12
1,84,12
1,85,12
1,86,12
1,87,13
1,88,13
1,89,13
1,90,13
1,90,13
1,91,13
1,92,14
1,93,14
1,93,14
1,94,14
1,94,14
1,95,15
1,96,15
1,96,15
1,97,15
1,97,15
1,98,15
1,98,16
1,98,16
1,99,16
1,99,16
1,99,16
1,100,17
1,100,17
1,101,17
1,101,17
1,101,17
1,102,17
1,102,18
1,103,18
1,103,18
1,103,18
1,104,18
1,104,19
1,104,19
1,105,19
1,105,19
1,106,19
1,106,19
1,106,20
1,107,20
1,107,20
1,108,20
1,108,20
1,108,21
1,109,21
1,109,21
1,109,21
1,110,21
1,110,21
1,111,22
1,111,22
1,111,22
1,112,22
1,112,22
1,112,23
1,113,23
1,113,23
1,114,23
1,114,23
1,114,24
1,115,24
1,115,24
1,116,24
1,116,24
1,116,24
1,117,25
1,117,25
1,117,25
1,118,25
1,118,25
1,119,26
1,119,26
1,119,26
1,120,26
1,120,26
1,121,26
1,121,27
1,121,27
1,122,27
1,122,27
1,122,27
1,123,28
1,123,28
1,124,28
1,124,28
1,124,28
1,125,28
1,125,29
1,126,29
1,126,29
1,126,30
1,127,30
1,127,30
1,127,30
1,128,30
1,128,30
1,129,30
1,129,30
2,129,30
2,129,30
2,129,30
2,130,30
2,130,30
2,130,30
2,130,30
2,130,30
2,130,30
2,131,30
2,131,30
2,131,30
2,131,30
2,131,30
2,131,30
2,132,30
2,132,30
2,132,30
2,132,30
2,132,30
2,132,30
2,132,30
2,133,30
2,133,30
2,133,30
2,133,30
2,133,30
2,133,30
2,134,30
2,134,30
2,134,30
2,134,30
2,134,29
2,134,29
2,134,29
2,135,29
2,135,29
2,135,29
2,135,29
2,135,29
2,135,29
2,136,29
2,136,29
2,136,29
2,136,29
2,136,29
2,136,28
2,136,28
2,137,28
2,137,28
2,137,28
2,137,28
2,137,28
2,137,28
2,138,28
2,138,28
2,138,28
2,138,28
2,138,28
2,138,28
2,139,27
2,139,27
2,139,27
2,139,27
2,139,27
2,139,27
2,139,27
2,140,27
2,140,27
2,140,27
2,140,27
2,140,27
2,140,27
2,141,27
2,141,26
2,141,26
2,141,26
2,141,26
2,141,26
2,142,26
2,142,26
2,142,26
2,142,26
2,142,26
2,142,26
2,142,26
2,143,26
2,143,26
2,143,26
2,143,25
2,143,25
2,143,25
2,144,25
2,144,25
2,144,25
2,144,25
2,144,25
2,144,25
2,144,25
2,144,25
2,144,25
2,144,25
2,144,25
2,144,24
2,144,24
2,144,24
2,144,24
2,144,24
2,144,24
2,144,24
2,144,24
2,144,24
2,144,24
2,144,24
2,145,24
2,145,24
2,145,24
2,145,23
2,145,23
2,145,23
2,145,23
2,145,23
2,145,23
2,145,23
2,145,23
2,145,23
2,145,23
2,145,23
2,145,23
2,145,23
2,145,23
2,145,22
2,145,22
2,145,22
2,145,22
2,145,22
2,145,22
2,145,22
2,145,22
2,145,22
2,145,22
2,145,22
2,145,22
2,145,22
2,145,22
2,145,21
2,145,21
2,145,21
2,145,21
2,146,21
2,146,21
2,146,21
2,146,21
2,146,21
2,146,21
2,146,21
2,146,21
2,146,21
2,146,21
2,146,21
2,146,20
2,146,20
2,146,20
2,146,20
2,146,20
2,146,20
2,146,20
2,146,20
2,146,20
2,146,20
2,146,20
2,146,20
2,146,20
2,146,20
2,146,19
2,146,19
2,146,19
2,146,19
2,146,19
2,146,19
2,146,19
2,146,19
2,146,19
2,146,19
2,146,19
2,146,19
2,147,19
2,147,19
2,147,18
2,147,18
2,147,18
2,147,18
2,147,18
2,147,18
2,147,18
2,147,18
2,147,18
2,147,18
2,147,18
2,147,18
2,147,18
2,147,18
2,147,17
2,147,17
2,147,17
2,147,17
2,147,17
2,147,17
2,147,17
2,147,17
2,147,17
2,147,17
2,147,17
2,147,17
2,147,17
2,147,17
2,147,16
2,147,16
2,147,16
2,147,16
2,147,16
2,147,16
2,147,16
2,147,16
2,147,16
2,147,16
2,148,16
2,148,16
2,148,16
2,148,16
2,148,16
2,148,15
2,148,15
2,148,15
2,148,15
2,148,15
2,148,15
2,148,15
2,148,15
2,148,15
2,148,15
2,148,15
2,148,15
2,148,15
2,148,15
2,148,14
2,148,14
2,148,14
2,148,14
2,148,14
2,148,14
2,148,14
2,148,14
2,148,14
2,148,14
2,148,14
2,148,14
2,148,14
2,148,14
2,148,13
2,148,13
2,148,13
2,148,13
2,148,13
2,148,13
2,148,13
2,148,13
2,148,13
2,148,13
2,148,13
2,148,13
2,148,13
2,148,13
2,148,12
2,148,12
2,148,12
2,148,12
2,148,12
2,148,12
2,148,12
2,148,12
2,148,11
2,148,11
2,148,11
2,148,11
2,148,11
2,149,11
2,149,11
2,149,11
2,149,11
2,149,10
2,149,10
2,149,10
2,149,10
2,149,10
2,149,10
2,149,10
2,149,10
2,149,10
2,149,10
2,149,10
2,149,10
2,149,9
2,149,9
2,149,9
2,149,9
2,149,9
2,149,9
2,149,9
2,149,9
2,149,9
2,149,9
2,149,9
2,149,9
2,149,8
2,149,8
2,149,8
2,149,8
2,149,8
2,149,8
2,149,8
2,149,8
2,149,8
2,149,8
2,149,8
2,149,8
2,149,8
2,149,8
2,149,8
2,149,8
2,149,8
2,149,8
2,149,8
2,149,8
2,149,8
2,149,8
2,149,8
2,149,8
2,149,8
2,149,8
2,149,8
2,149,8
2,149,8
2,149,8
2,149,8
2,149,8
2,150,8
2,150,8
2,150,8
2,150,8
2,150,8
2,150,8
2,150,8
2,150,8
2,150,8
2,150,8
2,150,8
2,150,8
2,150,8
2,150,8
2,150,8
2,150,8
2,150,8
2,150,8
2,150,8
2,150,8
2,150,8
2,150,8
2,150,8
2,150,8
2,150,8
2,150,8
2,150,8
2,150,8
2,150,8
2,150,8
2,150,8
2,150,8
2,150,8
2,150,8
2,150,8
2,150,8
2,150,8
2,150,8
2,150,8
2,150,8
2,150,8
2,150,8
2,150,8
2,150,8
2,150,8
2,150,8
2,150,8
2,150,8
2,150,8
2,150,8
2,150,8
2,150,8
2,150,8
2,150,8
2,150,8
2,150,8
2,150,8
2,150,8
2,150,8
2,150,8
2,151,8
2,151,8
2,151,8
2,151,8
2,151,8
2,151,8
2,151,8
2,151,8
2,151,8
2,151,8
2,151,8
2,151,8
2,151,8
2,151,8
2,151,8
2,151,8
2,151,8
2,151,8
2,151,8
2,151,8
2,151,8
2,151,8
2,151,8
2,152,8
2,152,8
2,152,8
2,152,8
2,152,8
2,152,8
2,152,8
2,152,8
2,152,8
2,152,8
2,152,8
2,152,8
2,152,8
2,152,8
2,152,8
2,152,8
2,152,8
2,152,8
2,152,8
2,152,8
2,152,8
2,152,8
2,152,8
2,152,8
2,152,8
2,152,8
2,152,8
2,152,8
2,152,8
2,152,8
2,152,8
2,152,8
2,152,8
2,152,8
2,152,8
2,152,8
2,152,8
2,152,8
2,152,8
2,152,8
2,152,8
2,152,8
2,152,8
2,152,8
2,152,8
2,152,8
2,152,8
2,152,8
2,152,8
2,152,8
2,152,8
2,152,8
2,152,8
2,152,8
2,152,8
2,152,8
2,152,8
2,152,8
2,152,8
2,152,8
2,152,8
2,152,8
2,152,8
2,152,8
2,152,8
2,152,8
2,152,8
2,152,8
2,152,8
2,152,8
2,152,8
2,152,8
2,152,8
2,152,8
2,152,8
2,152,8
2,152,8
2,152,8
2,152,8
2,152,8
2,152,8
2,152,8
2,152,8
2,152,8
2,152,8
2,152,8
2,152,8
2,152,8
2,152,8
2,152,8
2,152,8
2,152,8
2,152,8
2,152,8
2,152,8
2,152,8
2,152,8
2,152,8
2,152,8
2,152,8
2,152,8
2,152,8
2,152,8
2,152,8
2,152,8
2,152,8
2,152,8
2,152,8
2,152,8
2,152,8
2,152,8
2,152,8
2,152,8
2,152,8
2,152,8
2,152,8
2,152,8
2,152,8
2,152,8
2,152,8
2,152,8
2,152,8
2,152,8
2,152,8
2,152,8
2,152,8
2,152,8
2,152,8
2,152,8
2,152,8
2,152,8
2,152,8
2,152,8
2,152,8
2,152,8
2,152,8
2,152,8
2,152,8
2,152,8
2,152,8
2,152,8
2,152,8
2,152,8
2,152,8
2,152,8
2,152,8
2,152,8
2,152,8
2,152,8
2,152,8
2,152,8
2,152,8
2,152,8
2,152,8
2,152,8
2,152,8
2,152,8
2,152,8
2,152,8
2,152,8
2,152,8
2,152,8
2,152,8
2,152,8
2,152,8
2,152,8
2,152,8
2,152,8
2,152,8
2,152,8
2,152,8
2,152,8
2,152,8
2,152,8
2,152,8
0,160,127
0,178,127
#MOTOR_P2
0,100,1
0,100,1
0,100,1
0,100,2
0,100,2
0,100,2
0,100,3
0,100,3
0,100,3
0,100,4
0,100,4
0,100,4
0,100,5
0,100,5
0,100,6
0,100,6
0,100,6
0,100,7
0,100,7
0,100,7
0,100,8
0,100,8
0,100,8
0,100,9
0,100,9
0,100,9
0,100,10
0,100,10
0,100,10
0,100,11
0,100,11
0,100,11
0,100,12
0,100,13
0,100,15
0,100,16
0,100,17
0,100,18
0,100,20
0,100,21
0,100,22
0,100,23
0,100,24
0,100,26
0,100,27
0,100,28
0,100,29
0,100,30
0,100,32
0,100,33
0,100,34
0,100,35
0,100,37
0,100,38
0,100,39
0,100,41
0,100,41
0,100,42
0,100,42
0,100,42
0,100,43
0,100,44
0,100,44
0,100,44
0,100,45
0,100,46
0,100,46
0,100,46
0,100,47
0,100,48
0,100,48
0,100,48
0,100,49
0,100,49
0,100,49
0,100,49
0,100,49
0,100,49
0,100,49
0,100,49
0,100,49
0,100,49
0,100,49
0,100,49
0,100,49
0,100,49
0,100,49
0,100,49
0,100,49
0,100,49
0,100,49
0,100,49
0,100,49
0,100,49
0,100,49
0,100,49
0,100,49
0,100,49
0,100,49
0,100,49
0,100,49
0,100,49
0,100,49
0,100,49
0,100,49
0,100,49
0,100,49
0,100,49
0,100,49
0,100,49
0,100,49
0,100,49
0,100,49
0,100,49
0,100,49
0,100,49
0,100,49
0,100,49
0,100,49
0,100,49
0,100,49
0,100,49
0,100,49
0,100,49
0,100,49
0,100,49
0,100,49
0,100,49
0,100,49
0,100,49
0,100,48
0,100,48
0,100,48
0,100,48
0,100,48
0,100,48
0,100,48
0,100,48
0,100,47
0,100,47
0,100,47
0,100,47
0,100,47
0,100,47
0,100,47
0,100,47
0,100,46
0,100,46
0,100,46
0,100,46
0,100,46
0,100,45
0,100,45
0,100,45
0,100,45
0,100,45
0,100,44
0,100,44
0,100,44
0,100,44
0,100,44
0,100,44
0,100,44
0,100,43
0,100,43
0,100,43
0,100,43
0,100,43
0,100,42
0,100,42
0,100,42
0,100,42
0,100,41
0,100,40
0,100,40
0,100,40
0,100,39
0,100,38
0,100,38
0,100,38
0,100,37
0,100,36
0,100,36
0,100,36
0,100,35
0,100,34
0,100,34
0,100,34
0,100,33
0,100,32
0,100,32
0,100,32
0,100,31
0,100,30
0,100,30
0,100,29
0,100,29
0,100,28
0,100,28
0,100,27
0,100,27
0,100,26
0,100,26
0,100,26
0,100,25
0,100,25
0,100,24
0,100,24
0,100,23
0,100,23
0,100,22
0,100,22
0,100,22
0,100,22
0,100,22
0,100,21
0,100,21
0,100,21
0,100,20
0,100,20
0,100,20
0,100,20
0,100,20
0,100,19
0,100,19
0,100,19
0,100,18
0,100,18
0,100,18
0,100,18
0,100,18
0,100,17
0,100,17
0,100,17
0,100,17
0,100,17
0,100,17
0,100,17
0,100,17
0,100,17
0,100,17
0,100,17
0,100,17
0,100,17
0,100,17
0,100,17
0,100,17
0,100,17
0,100,17
0,100,17
0,100,17
0,100,17
0,100,17
0,100,17
0,100,17
0,100,17
0,100,17
0,100,16
0,100,16
0,100,16
0,100,16
0,100,16
0,100,16
0,100,16
0,100,16
0,100,16
0,100,16
0,100,16
0,100,16
0,100,16
0,100,16
0,100,16
0,100,16
0,100,16
0,100,16
0,100,16
0,100,16
0,100,16
0,100,16
0,100,16
0,100,16
0,100,16
0,100,16
0,100,16
0,100,16
0,100,16
0,100,16
0,100,16
0,100,16
0,100,16
0,100,16
0,100,16
0,100,16
0,100,16
0,100,16
0,100,16
0,100,16
0,100,16
0,100,16
0,100,16
0,100,16
0,100,16
0,100,16
0,100,16
0,100,16
0,100,16
0,100,16
0,100,16
0,100,16
0,100,15
0,100,15
0,100,15
0,100,15
0,100,15
0,100,15
0,100,15
0,100,15
0,100,15
0,100,15
0,100,15
0,100,15
0,100,15
0,100,15
0,100,15
0,100,15
0,100,15
0,100,15
0,100,15
0,100,15
0,100,15
0,100,15
0,100,15
0,100,15
0,100,15
0,100,15
0,100,15
0,100,15
0,100,15
0,100,15
0,100,15
0,100,15
0,100,15
0,100,15
0,100,15
0,100,15
0,100,15
0,100,15
0,100,15
0,100,15
0,100,15
0,100,15
0,100,15
0,100,15
0,100,15
0,100,15
0,100,15
0,100,15
0,100,15
0,100,15
0,100,15
0,100,15
0,100,14
0,100,14
0,100,14
0,100,14
0,100,14
0,100,14
0,100,14
0,100,14
0,100,14
0,100,14
0,100,14
0,100,14
0,100,14
0,100,14
0,100,14
0,100,14
0,100,14
0,100,14
0,100,14
-1,100,14
-1,100,14
-1,100,14
-1,100,14
-1,100,14
-1,100,14
-1,100,14
-1,100,0
-1,100,0
-1,100,0
-1,100,0
-1,100,0
-1,100,0
-1,100,0
-1,100,0
-1,100,0
-1,100,0
-1,100,0
-1,100,0
-1,100,0
-1,100,0
-1,100,0
-1,100,0
-1,100,0
-1,100,0
-1,100,0
-1,100,0
-1,100,0
-1,100,0
-1,100,0
-1,100,0
-1,100,0
-1,100,0
-1,100,0
-1,100,0
-1,100,0
-1,100,0
-1,100,0
-1,100,0
-1,100,0
-1,100,0
-1,100,0
-1,100,0
-1,100,0
-1,100,0
-1,100,0
-1,100,0
-1,100,0
-1,100,0
-1,100,0
-1,100,0
-1,100,0
-1,100,0
-1,100,0
-1,100,0
-1,100,0
-1,100,0
-1,100,0
-1,100,0
-1,100,0
-1,100,0
-1,100,0
-1,100,0
-1,100,0
-1,100,0
-1,100,0
-1,100,0
-1,100,0
-1,100,0
-1,100,0
-1,100,0
-1,100,0
-1,100,0
-1,100,0
-1,100,0
-1,100,0
-1,100,0
-1,100,0
-1,100,0
-1,100,0
-1,100,0
-1,100,0
-1,100,0
-1,100,0
-1,100,0
-1,100,0
-1,100,0
-1,100,0
-1,100,0
-1,100,0
-1,100,0
-1,100,0
-1,100,0
-1,100,0
-1,100,0
-1,100,0
-1,100,0
-1,100,0
-1,100,0
-1,100,0
-1,100,0
-1,100,0
-1,100,0
-1,100,0
-1,100,0
-1,100,0
-1,100,0
-1,100,0
-1,100,0
-1,100,0
-1,100,0
-1,100,0
-1,100,0
-1,100,0
-1,100,0
-1,100,0
-1,100,0
-1,100,0
-1,100,0
-1,100,0
-1,100,0
-1,100,0
-1,100,0
-1,100,0
-1,100,0
-1,100,0
-1,100,0
-1,100,0
-1,100,0
-1,100,0
-1,100,0
-1,100,0
-1,100,0
-1,100,0
-1,100,0
-1,100,0
-1,100,0
-1,100,0
-1,100,0
-1,100,0
-1,100,0
-1,100,0
-1,100,0
-1,100,0
-1,100,0
-1,100,0
-1,100,0
-1,100,0
-1,100,0
-1,100,0
-1,100,0
-1,100,0
-1,100,0
-1,100,0
-1,100,0
-1,100,0
-1,100,0
-1,100,0
-1,100,0
-1,100,0
-1,100,0
-1,100,0
-1,100,0
-1,100,0
-1,100,0
-1,100,0
-1,100,0
-1,100,0
-1,100,0
-1,100,0
-1,100,0
-1,100,0
-1,100,0
-1,100,0
-1,100,0
-1,100,0
-1,100,0
-1,100,0
-1,100,0
-1,100,0
-1,100,0
-1,100,0
-1,100,0
-1,100,0
-1,100,0
-1,100,0
-1,100,0
-1,100,0
-1,100,0
-1,100,0
-1,100,0
-1,100,0
-1,100,0
-1,100,0
-1,100,0
-1,100,0
-1,100,0
-1,100,0
-1,100,0
-1,100,0
-1,100,0
-1,100,0
-1,100,0
-1,100,0
-1,100,0
-1,100,0
-1,100,0
-1,100,0
-1,100,0
-1,100,0
-1,100,0
-1,100,0
-1,100,0
-1,100,0
-1,100,0
-1,100,0
-1,100,0
-1,100,0
-1,100,0
-1,100,0
-1,100,0
-1,100,0
-1,100,0
-1,100,0
-1,100,0
-1,100,0
-1,100,0
-1,100,0
-1,100,0
-1,100,0
-1,100,0
-1,100,0
-1,100,0
-1,100,0
-1,100,0
-1,100,0
-1,100,0
-1,100,0
-1,100,0
-1,100,0
-1,100,0
-1,100,0
-1,100,0
-1,100,0
-1,100,0
-1,100,0
-1,100,0
-1,100,0
-1,100,0
-1,100,0
-1,100,0
-1,100,0
-1,100,0
-1,100,0
-1,100,0
-1,100,0
-1,100,0
-1,100,0
-1,100,0
-1,100,0
-1,100,0
-1,100,0
-1,100,0
-1,100,0
-1,100,0
-1,100,0
-1,100,0
-1,100,0
-1,100,0
-1,100,0
-1,100,0
-1,100,0
-1,100,0
-1,100,0
-1,100,0
-1,100,0
-1,100,0
-1,100,0
-1,100,0
-1,100,0
-1,100,0
-1,100,0
-1,100,0
-1,100,0
-1,100,0
-1,100,0
-1,100,0
-1,100,0
-1,100,0
-1,100,0
-1,100,0
-1,100,0
-1,100,0
-1,100,0
-1,100,0
-1,100,0
-1,100,0
-1,100,0
-1,100,0
-1,100,0
-1,100,0
-1,100,0
-1,100,0
-1,100,0
-1,100,0
-1,100,0
-1,100,0
-1,100,0
-1,100,0
-1,100,0
-1,100,0
-1,100,0
-1,100,0
-1,100,0
-1,100,0
-1,100,0
-1,100,0
-1,100,0
-1,100,0
-1,100,0
-1,100,0
-1,100,0
-1,100,0
-1,100,0
-1,100,0
-1,100,0
-1,100,0
-1,100,0
-1,100,0
-1,100,0
-1,100,0
-1,100,0
-1,100,0
-1,100,0
-1,100,0
-1,100,0
-1,100,0
-1,100,0
-1,100,0
-1,100,0
-1,100,0
-1,100,0
-1,100,0
-1,100,0
-1,100,0
-1,100,0
-1,100,0
-1,100,0
-1,100,0
-1,100,0
-1,100,0
-1,100,0
-1,100,0
-1,100,0
-1,100,0
-1,100,0
-1,100,0
-1,100,0
-1,100,0
-1,100,0
-1,100,0
-1,100,0
-1,100,0
-1,100,0
-1,100,0
-1,100,0
-1,100,0
-1,100,0
-1,100,0
-1,100,0
-1,100,0
-1,100,0
-1,100,0
-1,100,0
-1,100,0
-1,100,0
-1,100,0
-1,100,0
-1,100,0
-1,100,0
-1,100,0
-1,100,0
-1,100,0
-1,100,0
-1,100,0
-1,100,0
-1,100,0
-1,100,0
-1,100,0
-1,100,0
-1,100,0
-1,100,0
-1,100,0
-1,100,0
-1,100,0
-1,100,0
-1,100,0
-1,100,0
-1,100,0
-1,100,0
-1,100,0
-1,100,0
-1,100,0
-1,100,0
-1,100,0
-1,100,0
-1,100,0
-1,100,0
-1,100,0
-1,100,0
-1,100,0
-1,100,0
-1,100,0
-1,100,0
-1,100,0
-1,100,0
-1,100,0
-1,100,0
-1,100,0
-1,100,0
#MOTOR_B1
0,81,0
0,81,0
0,82,0
0,82,0
0,82,0
0,83,0
0,83,0
0,83,0
0,83,0
0,84,0
0,84,0
0,84,0
0,85,0
0,85,0
0,85,0
0,86,0
0,86,0
0,86,0
0,86,0
0,87,0
0,87,0
0,87,0
0,88,0
0,88,0
0,88,0
0,89,0
0,89,0
7,89,1
7,89,1
7,90,1
7,90,2
7,90,2
7,91,2
7,91,3
7,91,3
7,92,3
7,92,4
7,92,4
7,92,4
7,93,5
7,93,5
7,93,6
7,94,6
7,94,6
7,94,7
7,95,7
7,95,7
7,95,8
7,95,8
7,96,8
7,96,9
7,96,9
7,97,9
7,97,10
7,97,10
7,98,10
7,98,11
7,98,11
7,98,11
7,99,12
7,99,13
7,99,15
7,100,16
7,100,17
7,100,18
7,100,20
7,100,21
7,100,22
7,100,23
7,100,24
7,100,26
7,100,27
7,100,28
7,100,29
7,100,30
7,100,32
7,100,33
7,100,34
7,100,35
7,100,37
7,100,38
7,100,39
7,100,41
7,100,41
7,100,42
7,100,42
7,100,42
7,100,43
7,100,44
7,100,44
7,100,44
7,100,45
7,100,46
7,100,46
7,100,46
7,100,47
7,100,48
7,100,48
7,100,48
7,100,49
7,100,49
7,100,49
7,100,49
7,100,49
7,100,49
7,100,49
7,100,49
7,100,49
7,100,49
7,100,49
7,100,49
7,100,49
7,100,49
7,100,49
7,100,49
7,100,49
7,100,49
7,100,49
7,100,49
7,100,49
7,100,49
7,100,49
7,100,49
7,100,49
7,100,49
7,100,49
7,100,49
7,100,49
7,100,49
7,100,49
7,100,49
7,100,49
7,100,49
7,100,49
7,100,49
7,100,49
7,100,49
7,100,49
7,100,49
7,100,49
7,100,49
7,100,49
7,100,49
7,100,49
7,100,49
7,100,49
7,100,49
7,100,49
7,100,49
7,100,49
7,100,49
7,100,49
7,100,49
7,100,49
7,100,49
7,100,49
7,100,49
7,100,49
7,100,48
7,100,48
7,100,48
7,100,48
7,100,48
7,100,48
7,100,48
7,100,48
7,100,47
7,100,47
7,100,47
7,100,47
7,100,47
7,100,47
7,100,47
7,100,47
7,100,46
7,100,46
7,100,46
7,100,46
7,100,46
7,100,45
7,100,45
7,100,45
7,100,45
7,100,45
7,100,44
7,100,44
7,100,44
7,100,44
7,100,44
7,100,44
7,100,44
7,100,43
7,100,43
7,100,43
7,100,43
7,100,43
7,100,42
7,100,42
7,100,42
7,100,42
7,100,41
7,100,40
7,100,40
7,100,40
7,100,39
7,100,38
7,100,38
7,100,38
7,100,37
7,100,36
7,100,36
7,100,36
7,100,35
7,100,34
7,100,34
7,100,34
7,100,33
7,100,32
7,100,32
7,100,32
7,100,31
7,100,30
7,100,30
7,100,29
7,100,29
7,100,28
7,100,28
7,100,27
7,100,27
7,100,26
7,100,26
7,100,25
7,100,25
7,100,25
7,100,24
7,100,24
7,100,23
7,100,23
7,100,22
7,100,22
7,100,21
7,100,21
7,100,20
7,100,20
7,100,19
7,100,19
7,100,19
7,100,18
7,100,18
7,100,17
7,100,17
7,100,16
7,100,16
7,100,15
7,100,15
7,100,14
7,100,14
7,100,14
7,100,14
7,100,13
7,100,13
7,100,13
7,100,12
7,100,12
7,100,12
7,100,11
7,100,11
7,100,11
7,100,10
7,100,10
7,100,10
7,100,10
7,100,9
7,100,9
7,100,9
7,100,8
7,100,8
7,100,8
7,100,7
7,100,7
7,100,7
7,100,6
7,100,6
7,100,6
7,100,5
7,100,5
7,100,5
7,100,4
7,100,4
7,100,4
7,100,4
7,100,3
7,100,3
7,100,3
7,100,2
7,100,2
7,100,2
7,100,1
7,100,1
7,100,1
7,100,0
7,100,0
7,100,0
-1,325,1
-1,68,127
-1,68,127
-1,68,127
-1,68,127
-1,68,127
-1,69,127
-1,69,127
-1,69,127
-1,69,127
-1,70,127
-1,70,127
-1,70,127
-1,70,127
-1,70,127
-1,71,127
-1,71,127
-1,71,127
-1,71,127
-1,72,127
-1,72,127
-1,72,127
-1,72,127
-1,72,127
-1,73,127
-1,73,127
-1,73,127
-1,73,127
-1,74,127
-1,74,127
-1,74,127
-1,74,127
-1,74,127
-1,75,127
-1,75,127
-1,75,127
-1,75,127
-1,76,127
-1,76,127
-1,76,127
-1,76,127
-1,76,127
-1,77,127
-1,77,127
-1,77,127
-1,77,127
-1,78,127
-1,78,127
-1,78,127
-1,78,127
-1,78,127
-1,79,127
-1,79,127
-1,79,127
-1,79,127
-1,80,127
-1,80,127
-1,80,127
-1,80,127
-1,80,127
-1,81,127
-1,81,127
-1,81,127
-1,81,127
-1,82,127
-1,82,127
-1,82,127
-1,82,127
-1,82,127
-1,83,127
-1,83,127
-1,83,127
-1,83,127
-1,84,127
-1,84,127
-1,84,127
-1,84,127
-1,84,127
-1,85,127
-1,85,127
-1,85,127
-1,85,127
-1,86,127
-1,86,127
-1,86,127
-1,86,127
-1,86,127
-1,87,127
-1,87,127
-1,87,127
-1,87,127
-1,88,127
-1,88,127
-1,88,127
-1,88,127
-1,88,127
-1,89,127
-1,89,127
-1,89,127
-1,89,127
-1,90,127
-1,90,127
-1,90,127
-1,90,127
-1,90,127
-1,91,127
-1,91,127
-1,91,127
-1,91,127
-1,92,127
-1,92,127
-1,92,127
-1,92,127
-1,92,127
-1,93,127
-1,93,127
-1,93,127
-1,93,127
-1,94,127
-1,94,127
-1,94,127
-1,94,127
-1,94,127
-1,95,127
-1,95,127
-1,95,127
-1,95,127
-1,96,127
-1,96,127
-1,96,127
-1,96,127
-1,96,127
-1,97,127
-1,97,127
-1,97,127
-1,97,127
-1,98,127
-1,98,127
-1,98,127
-1,98,127
-1,98,127
-1,99,127
-1,99,127
-1,99,127
-1,99,127
-1,100,127
-1,100,127
-1,100,127
-1,100,127
-1,100,127
-1,101,127
-1,101,127
-1,101,127
-1,101,127
-1,102,127
-1,102,127
-1,102,127
-1,102,127
-1,102,127
-1,103,127
-1,103,127
-1,103,127
-1,103,127
-1,104,127
-1,104,127
-1,104,127
-1,104,127
-1,104,127
-1,105,127
-1,105,127
-1,105,127
-1,105,127
-1,106,127
-1,106,127
-1,106,127
-1,106,127
-1,106,127
-1,107,127
-1,107,127
-1,107,127
-1,107,127
-1,108,127
-1,108,127
-1,108,127
-1,108,127
-1,108,127
-1,109,127
-1,109,127
-1,109,127
-1,109,127
-1,110,127
-1,110,127
-1,110,127
-1,110,127
-1,110,127
-1,111,127
-1,111,127
-1,111,127
-1,111,127
-1,112,127
-1,112,127
-1,112,127
-1,112,127
-1,112,127
-1,113,127
-1,113,127
-1,113,127
-1,113,127
-1,114,127
-1,114,127
-1,114,127
-1,114,127
-1,114,127
-1,115,127
-1,115,127
-1,115,127
-1,115,127
-1,116,127
-1,116,127
-1,116,127
-1,116,127
-1,116,127
-1,117,127
-1,117,127
-1,117,127
-1,117,127
-1,118,127
-1,118,127
-1,118,127
-1,118,127
-1,118,127
-1,119,127
-1,119,127
-1,119,127
-1,119,127
-1,120,127
-1,120,127
-1,120,127
-1,120,127
-1,120,127
-1,121,127
-1,121,127
-1,121,127
-1,121,127
-1,122,127
-1,122,127
-1,122,127
-1,122,127
-1,122,127
-1,123,127
-1,123,127
-1,123,127
-1,123,127
-1,124,127
-1,124,127
-1,124,127
-1,124,127
-1,124,127
-1,125,127
-1,125,127
-1,125,127
-1,125,127
-1,126,127
-1,126,127
-1,126,127
-1,126,127
-1,126,127
-1,127,127
-1,127,127
-1,127,127
-1,127,127
-1,128,127
-1,128,127
-1,128,127
-1,128,127
-1,128,127
-1,129,127
-1,129,127
-1,129,127
-1,129,127
-1,130,127
-1,130,127
-1,130,127
-1,130,127
-1,130,127
-1,131,127
-1,131,127
-1,131,127
-1,131,127
-1,132,127
-1,132,127
-1,132,127
-1,132,127
-1,132,127
-1,133,127
-1,133,127
-1,133,127
-1,133,127
-1,134,127
-1,134,127
-1,134,127
-1,134,127
-1,134,127
-1,135,127
-1,135,127
-1,135,127
-1,135,127
-1,136,127
-1,136,127
-1,136,127
-1,136,127
-1,136,127
-1,137,127
-1,137,127
-1,137,127
-1,137,127
-1,138,127
-1,138,127
-1,138,127
-1,138,127
-1,138,127
-1,139,127
-1,139,127
-1,139,127
-1,139,127
-1,140,127
-1,140,127
-1,140,127
-1,140,127
-1,140,127
-1,141,127
-1,141,127
-1,141,127
-1,141,127
-1,142,127
-1,142,127
-1,142,127
-1,142,127
-1,142,127
-1,143,127
-1,143,127
-1,143,127
-1,143,127
-1,144,127
-1,144,127
-1,144,127
-1,144,127
-1,144,127
-1,145,127
-1,145,127
-1,145,127
-1,145,127
-1,146,127
-1,146,127
-1,146,127
-1,146,127
-1,146,127
-1,147,127
-1,147,127
-1,147,127
-1,147,127
-1,148,127
-1,148,127
-1,148,127
-1,148,127
-1,148,127
-1,149,127
-1,149,127
-1,149,127
-1,149,127
-1,150,127
-1,150,127
-1,150,127
-1,150,127
-1,150,127
-1,151,127
-1,151,127
-1,151,127
-1,151,127
-1,152,127
-1,152,127
-1,152,127
-1,152,127
-1,152,127
-1,153,127
-1,153,127
-1,153,127
-1,153,127
-1,154,127
-1,154,127
-1,154,127
-1,154,127
-1,154,127
-1,155,127
-1,155,127
-1,155,127
-1,155,127
-1,156,127
-1,156,127
-1,156,127
-1,156,127
-1,156,127
-1,157,127
-1,157,127
-1,157,127
-1,157,127
-1,158,127
-1,158,127
-1,158,127
-1,158,127
-1,158,127
-1,159,127
-1,159,127
-1,159,127
-1,159,127
-1,160,127
-1,160,127
-1,160,127
-1,160,127
-1,160,127
-1,161,127
-1,161,127
-1,161,127
-1,161,127
-1,162,127
-1,162,127
-1,162,127
-1,162,127
-1,162,127
-1,163,127
-1,163,127
-1,163,127
-1,163,127
-1,164,127
-1,164,127
-1,164,127
-1,164,127
-1,164,127
-1,165,127
-1,165,127
-1,165,127
-1,165,127
-1,166,127
-1,166,127
-1,166,127
-1,166,127
-1,166,127
-1,167,127
-1,167,127
-1,167,127
-1,167,127
-1,168,127
-1,168,127
-1,168,127
-1,168,127
-1,168,127
-1,169,127
-1,169,127
-1,169,127
-1,169,127
-1,170,127
-1,170,127
-1,170,127
-1,170,127
-1,170,127
-1,171,127
-1,171,127
-1,171,127
-1,171,127
-1,172,127
-1,172,127
-1,172,127
-1,172,127
-1,172,127
-1,173,127
-1,173,127
-1,173,127
-1,173,127
-1,174,127
-1,174,127
-1,174,127
-1,174,127
-1,174,127
-1,175,127
-1,175,127
-1,175,127
-1,175,127
-1,176,127
-1,176,127
-1,176,127
-1,176,127
-1,176,127
-1,177,127
0,177,127
0,177,127
0,177,127
0,178,127
#MOTOR_B2
-1,100,98
-1,100,98
-1,100,98
3,100,98
3,100,98
3,100,98
3,100,98
3,100,98
3,100,98
3,100,98
3,100,98
3,100,98
3,100,98
3,100,98
3,100,98
3,100,98
3,100,98
3,100,98
3,100,98
3,100,98
3,100,98
3,100,98
3,100,98
3,100,98
3,100,98
3,100,98
3,100,98
3,100,98
5,100,98
5,100,98
5,100,98
5,100,98
5,100,98
5,100,98
5,100,98
5,100,98
5,100,98
5,100,98
5,100,98
5,100,98
5,100,98
5,100,98
5,100,98
5,100,98
5,100,98
5,100,98
5,100,98
5,100,98
5,100,98
5,100,98
5,100,98
5,100,98
5,100,98
5,100,98
5,100,98
5,100,98
5,100,98
5,100,98
5,100,98
5,100,98
-1,100,49
-1,100,49
1,21,15
1,22,15
1,23,15
1,24,15
1,25,15
1,26,15
1,27,15
1,28,10
1,29,10
1,30,10
1,31,10
1,32,10
1,33,10
1,34,10
1,35,10
1,36,10
1,37,10
1,38,12
1,39,13
1,40,13
1,41,13
1,42,14
1,43,15
1,44,15
1,45,15
1,46,16
1,48,17
1,49,17
1,50,18
1,51,18
1,52,18
1,53,18
1,55,18
1,56,19
1,57,19
1,59,19
1,60,19
1,61,19
1,62,19
1,63,19
1,64,20
1,65,20
1,66,20
1,67,20
1,69,20
1,70,20
1,72,20
1,73,21
1,75,21
1,76,21
1,78,21
1,79,21
1,80,22
1,81,22
1,82,22
1,84,22
1,85,22
1,86,22
1,87,22
1,88,22
1,90,23
1,90,23
1,91,23
1,92,23
1,92,23
1,93,23
1,93,23
1,94,23
1,94,23
1,95,23
1,95,23
1,96,23
1,96,23
1,97,24
1,97,24
1,98,24
1,98,24
1,98,24
1,99,24
1,99,24
1,100,24
1,100,25
1,101,25
1,101,25
1,102,25
1,102,25
1,103,25
1,103,25
1,104,25
1,104,25
1,105,26
1,105,26
1,105,26
1,106,26
1,106,26
1,106,26
1,107,26
1,107,26
1,108,26
1,108,26
1,108,27
1,109,27
1,109,27
1,109,27
1,110,27
1,110,27
1,111,27
1,111,27
1,111,28
1,112,28
1,112,28
1,112,28
1,113,28
1,113,28
1,113,28
1,114,28
1,114,28
1,115,28
1,115,28
1,115,28
1,116,28
1,116,28
1,116,28
1,117,29
1,117,29
1,118,29
1,118,29
1,118,29
1,119,29
1,119,29
1,119,29
1,120,29
1,120,29
1,120,29
1,121,29
1,121,29
1,122,29
1,122,30
1,122,30
1,122,30
1,123,30
1,123,30
1,123,30
2,123,30
2,124,30
2,124,30
2,124,30
2,125,30
2,125,30
2,125,30
2,125,30
2,126,30
2,126,30
2,126,30
2,127,30
2,127,30
2,127,30
2,128,30
2,128,29
2,128,29
2,128,29
2,129,29
2,129,29
2,129,29
2,130,29
2,130,29
2,130,29
2,130,29
2,131,29
2,131,29
2,131,29
2,131,29
2,131,29
2,131,29
2,132,29
2,132,29
2,132,29
2,132,29
2,132,29
2,132,28
2,132,28
2,132,28
2,132,28
2,132,28
2,132,28
2,132,28
2,133,28
2,133,28
2,133,28
2,133,28
2,133,28
2,133,28
2,133,28
2,133,27
2,133,27
2,133,27
2,133,27
2,134,27
2,134,27
2,134,27
2,134,27
2,134,27
2,134,27
2,134,27
2,134,27
2,134,27
2,134,26
2,134,26
2,135,26
2,135,26
2,135,26
2,135,26
2,135,26
2,135,26
2,135,26
2,135,26
2,135,26
2,135,26
2,135,26
2,135,26
2,135,25
2,135,25
2,135,25
2,135,25
2,136,25
2,136,25
2,136,25
2,136,25
2,136,25
2,136,25
2,136,25
2,136,25
2,136,25
2,136,25
2,136,24
2,136,24
2,136,24
2,136,24
2,136,24
2,136,24
2,136,24
2,137,24
2,137,24
2,137,24
2,137,24
2,137,24
2,137,24
2,137,23
2,137,23
2,137,23
2,137,23
2,137,23
2,137,23
2,137,23
2,137,23
2,137,23
2,137,23
2,138,23
2,138,23
2,138,23
2,138,23
2,138,22
2,138,22
2,138,22
2,138,22
2,138,22
2,138,22
2,138,22
2,138,22
2,138,22
2,138,22
2,138,22
2,138,22
2,138,22
2,138,21
2,138,21
2,138,21
2,138,21
2,138,21
2,138,21
2,138,21
2,138,21
2,138,21
2,138,21
2,138,21
2,138,21
2,138,21
2,138,21
2,138,20
2,138,20
2,138,20
2,138,20
2,138,20
2,138,20
2,138,20
2,138,20
2,138,20
2,138,20
2,138,20
2,138,20
2,138,20
2,138,19
2,138,19
2,138,19
2,138,19
2,138,19
2,138,19
2,138,19
2,138,19
2,138,19
2,138,19
2,139,19
2,139,19
2,139,19
2,139,19
2,139,18
2,139,18
2,139,18
2,139,18
2,139,18
2,139,18
2,139,18
2,139,18
2,139,18
2,139,18
2,139,18
2,139,18
2,139,18
2,139,18
2,139,17
2,139,17
2,139,17
2,139,17
2,139,17
2,139,17
2,139,17
2,139,17
2,139,17
2,139,17
2,139,17
2,139,17
2,139,17
2,139,16
2,139,16
2,139,16
2,139,16
2,139,16
2,139,16
2,139,16
2,139,16
2,139,16
2,139,16
2,139,16
2,139,16
2,139,16
2,139,16
2,139,15
2,139,15
2,139,15
2,139,15
2,139,15
2,139,15
2,139,15
2,139,14
2,139,14
2,139,14
2,139,14
2,139,14
2,139,14
2,139,14
2,139,14
2,139,14
2,139,14
2,139,14
2,139,14
2,139,14
2,139,13
2,139,13
2,139,13
2,139,13
2,139,13
2,139,13
2,139,13
2,139,13
2,139,13
2,139,13
2,139,13
2,139,13
2,139,13
2,139,13
2,139,12
2,139,12
2,139,12
2,139,12
2,139,12
2,139,12
2,139,12
2,139,12
2,139,12
2,139,12
2,139,12
2,139,12
2,139,12
2,140,11
2,140,11
2,140,11
2,140,11
2,140,11
2,140,11
2,140,11
2,140,11
2,140,11
2,140,11
2,140,11
2,140,11
2,140,11
2,140,10
2,140,10
2,140,10
2,140,10
2,140,10
2,140,10
2,140,10
2,140,10
2,140,10
2,140,10
2,140,10
2,140,10
2,140,10
2,140,10
2,140,9
2,140,9
2,140,9
2,140,9
2,140,9
2,140,9
2,140,9
2,140,9
2,140,9
2,140,9
2,140,9
2,140,9
2,140,9
2,140,8
2,140,8
2,140,8
2,140,8
2,140,8
2,140,8
2,140,8
2,140,8
2,140,8
2,140,8
2,140,8
2,140,8
2,140,8
2,140,8
2,140,8
2,140,8
2,140,8
2,140,8
2,140,8
2,140,8
2,140,8
2,140,8
2,140,8
2,140,8
2,140,8
2,140,8
2,140,8
2,140,8
2,140,8
2,140,8
2,140,8
2,140,8
2,140,8
2,140,8
2,140,8
2,140,8
2,140,8
2,140,8
2,140,8
2,140,8
2,140,8
2,140,8
2,140,8
2,140,8
2,140,8
2,140,8
2,140,8
2,140,8
2,140,8
2,140,8
2,140,8
2,140,8
2,141,8
2,141,8
2,141,8
2,141,8
2,141,8
2,141,8
2,141,8
2,141,8
2,141,8
2,141,8
2,141,8
2,141,8
2,141,8
2,141,8
2,141,8
2,141,8
2,141,8
2,141,8
2,141,8
2,141,8
2,141,8
2,141,8
2,141,8
2,141,8
2,141,8
2,141,8
2,141,8
2,141,8
2,141,8
2,141,8
2,141,8
2,141,8
2,141,8
2,141,8
2,141,8
2,141,8
2,141,8
2,141,8
2,141,8
2,141,8
2,141,8
2,141,8
2,141,8
2,141,8
2,141,8
2,141,8
2,141,8
2,141,8
2,141,8
2,141,8
2,141,8
2,141,8
2,141,8
2,141,8
2,141,8
2,141,8
2,141,8
2,141,8
2,141,8
2,141,8
2,141,8
2,141,8
2,141,8
2,141,8
2,141,8
2,141,8
2,141,8
2,141,8
2,141,8
2,141,8
2,141,8
2,141,8
2,141,8
2,141,8
2,141,8
2,141,8
2,141,8
2,141,8
2,141,8
2,141,8
2,141,8
2,141,8
2,141,8
2,141,8
2,141,8
2,141,8
2,141,8
2,141,8
2,141,8
2,141,8
2,141,8
2,141,8
2,141,8
2,141,8
2,141,8
2,141,8
2,141,8
2,141,8
2,141,8
2,141,8
2,141,8
2,141,8
2,141,8
2,141,8
2,141,8
2,141,8
2,141,8
2,141,8
2,141,8
2,141,8
2,141,8
2,141,8
2,141,8
2,141,8
2,141,8
2,141,8
2,141,8
2,141,8
2,141,8
2,141,8
2,141,8
2,141,8
2,141,8
2,141,8
2,141,8
2,141,8
2,141,8
2,141,8
2,141,8
2,141,8
2,141,8
2,141,8
2,141,8
2,141,8
2,141,8
2,141,8
2,141,8
2,141,8
2,141,8
2,141,8
2,141,8
2,141,8
2,141,8
2,141,8
2,141,8
2,141,8
2,141,8
2,141,8
2,141,8
2,141,8
2,141,8
2,141,8
2,141,8
2,141,8
2,141,8
2,141,8
2,141,8
2,141,8
2,141,8
2,141,8
2,141,8
2,141,8
2,141,8
2,141,8
2,141,8
2,141,8
2,141,8
2,141,8
2,141,8
2,141,8
2,141,8
2,141,8
2,141,8
2,141,8
2,141,8
2,141,8
2,141,8
2,141,8
2,141,8
2,141,8
2,141,8
2,141,8
2,141,8
2,141,8
2,141,8
2,141,8
2,141,8
2,141,8
2,141,8
2,141,8
2,141,8
2,141,8
2,141,8
2,141,8
2,141,8
2,141,8
2,141,8
2,141,8
2,141,8
2,141,8
2,141,8
2,141,8
2,141,8
2,141,8
2,141,8
2,141,8
2,141,8
2,141,8
2,141,8
2,141,8
2,141,8
2,141,8
2,141,8
2,141,8
2,141,8
2,141,8
2,141,8
2,141,8
2,141,8
2,141,8
2,141,8
2,141,8
2,141,8
2,141,8
2,141,8
2,141,8
2,141,8
2,139,8
2,254,8
2,254,8
2,255,8
2,255,8
2,256,8
2,256,8
-1,100,8
-1,100,8
-1,100,8
-1,100,8
-1,100,8
-1,100,0
-1,100,0
-1,100,0
-1,100,0
#
