OPENBVE15311
#ACCELERATION
1,1,25,25,1
1,1,25,25,1
1,1,25,25,1
1,1,25,25,1
1,1,25,25,1
1,1,25,25,1
1,1,25,25,1
1,1,25,25,1
#PERFORMANCE
1              ; Deceleration
0.35           ; CoefficientOfStaticFriction
0              ; Reserved (not used)
0.0025         ; CoefficientOfRollingResistance
1.2            ; AerodynamicDragCoefficient
#DELAY
0,0,0,0,0,0,0,0; DelayPowerUp
0,0,0,0,0,0,0,0; DelayPowerDown
0,0,0,0,0,0,0,0; DelayBrakeUp
0,0,0,0,0,0,0,0; DelayBrakeDown
0,0,0,0,0,0,0,0; DelayLocoBrakeUp (1.5.3.4+)
0,0,0,0,0,0,0,0; DelayLocoBrakeDown (1.5.3.4+)
#MOVE
1000           ; JerkPowerUp
1000           ; JerkPowerDown
1000           ; JerkBrakeUp
1000           ; JerkBrakeDown
300            ; BrakeCylinderUp
200            ; BrakeCylinderDown
#BRAKE
0              ; BrakeType
0              ; BrakeControlSystem
0              ; BrakeControlSpeed
0              ; LocoBrakeType (1.5.3.4+)
#PRESSURE
480            ; BrakeCylinderServiceMaximumPressure
480            ; BrakeCylinderEmergencyMaximumPressure
690            ; MainReservoirMinimumPressure
780            ; MainReservoirMaximumPressure
637.5          ; BrakePipeNormalPressure
#HANDLE
0              ; HandleType
8              ; PowerNotches
8              ; BrakeNotches
0              ; PowerNotchReduceSteps
0              ; EbHandleBehaviour (1.5.3.3+)
0              ; LocoBrakeNotches (1.5.3.4+)
0              ; LocoBrakeType (1.5.3.4+)
8              ; DriverPowerNotches
8              ; DriverBrakeNotches
#CAB
0              ; X
0              ; Y
0              ; Z
0              ; DriverCar
#CAR
40             ; MotorCarMass
1              ; NumberOfMotorCars
40             ; TrailerCarMass
1              ; NumberOfTrailerCars
20             ; LengthOfACar
0              ; FrontCarIsAMotorCar
2.6            ; WidthOfACar
3.2            ; HeightOfACar
1.5            ; CenterOfGravityHeight
5              ; ExposedFrontalArea
1.6            ; UnexposedFrontalArea
#DEVICE
0              ; Ats
0              ; Atc
0              ; Eb
0              ; ConstSpeed
0              ; HoldBrake
0              ; ReAdhesionDevice
0              ; Reserved (not used)
0              ; PassAlarm
0              ; DoorOpenMode
0              ; DoorCloseMode
1000           ; DoorWidth
0              ; DoorMaxTolerance
#MOTOR_P1
2,61.36,128
2,62.11,128
2,62.86,254.9
2,63.61,254.9
2,64.35,254.9
2,65.1,254.9
2,65.85,254.9
2,66.6,254.9
2,67.35,254.91
2,68.1,254.91
2,68.85,254.91
2,69.6,254.91
2,70.34,254.91
2,71.09,254.91
2,71.84,254.91
2,72.59,254.91
2,73.34,254.91
2,74.09,254.91
2,74.84,254.91
2,75.59,254.92
2,76.34,254.92
2,77.08,254.92
2,77.83,254.92
2,78.58,254.92
2,79.33,254.92
2,80.08,254.92
2,80.83,254.92
2,81.58,254.92
2,82.33,254.92
2,83.07,254.93
2,83.82,254.93
2,84.57,254.93
2,85.32,254.93
2,86.07,254.93
2,86.82,254.93
2,87.57,254.93
2,88.32,254.93
2,89.07,254.93
2,89.81,254.93
2,90.56,254.93
2,91.31,254.94
2,92.06,254.94
2,92.81,254.94
2,93.56,254.94
2,94.31,254.94
2,95.06,254.94
2,95.8,254.94
2,96.55,254.94
2,97.3,254.94
2,98.05,254.94
2,98.8,254.94
2,98.78,254.95
2,98.77,254.95
2,98.76,254.95
2,98.75,254.95
2,98.74,254.95
2,98.73,254.95
2,98.72,254.95
2,98.71,254.95
2,98.7,254.95
2,98.69,254.95
2,98.68,254.96
2,98.67,254.96
2,98.66,254.96
2,98.65,254.96
2,98.64,254.96
2,98.63,254.96
2,98.62,254.96
2,98.61,254.96
2,98.6,254.96
2,98.59,254.96
2,98.58,254.96
2,98.57,254.97
2,98.56,254.97
2,98.55,254.97
2,98.54,254.97
2,98.53,254.97
2,98.52,254.97
2,98.51,254.97
2,98.5,254.97
2,98.49,254.97
2,98.48,254.97
2,98.47,254.97
2,98.46,254.98
2,98.45,254.98
2,98.44,254.98
2,98.43,254.98
2,98.42,254.98
2,98.41,254.98
2,98.4,254.98
2,98.39,254.98
2,98.38,254.98
2,98.37,254.98
2,98.36,254.99
2,98.35,254.99
2,98.34,254.99
2,98.33,254.99
2,98.32,254.99
2,98.31,254.99
2,98.3,254.99
2,98.29,254.99
2,98.28,254.99
2,98.29,254.99
2,98.3,254.99
2,98.31,255
2,98.31,255
2,98.32,255
2,98.33,255
2,98.34,255
2,98.34,255
2,98.35,255
2,98.36,255
2,98.36,255
2,98.37,255
2,98.38,255
2,98.39,255.01
2,98.39,255.01
2,98.4,255.01
2,98.41,255.01
2,98.42,255.01
2,98.42,255.01
2,98.43,255.01
2,98.44,255.01
2,98.45,255.01
2,98.45,255.01
2,98.46,255.02
2,98.47,255.02
2,98.47,255.02
2,98.48,255.02
2,98.49,255.02
2,98.5,255.02
2,98.5,255.02
2,98.51,255.02
2,98.52,255.02
2,98.53,255.02
2,98.53,255.02
2,98.54,255.03
2,98.55,255.03
2,98.56,255.03
2,98.56,255.03
2,98.57,255.03
2,98.58,255.03
2,98.59,255.03
2,98.59,255.03
2,98.6,255.03
2,98.61,255.03
2,98.61,255.03
2,98.62,255.04
2,98.63,255.04
2,98.64,255.04
2,98.64,255.04
2,98.65,255.04
2,98.66,255.04
2,98.67,255.04
2,98.67,255.04
2,98.68,255.04
2,98.69,255.04
2,98.7,255.05
2,98.7,255.05
2,98.71,255.05
2,98.72,255.05
2,98.72,255.05
2,98.73,255.05
2,98.74,255.05
2,98.75,255.05
2,98.75,255.05
2,98.76,255.05
2,98.77,255.05
2,98.78,255.06
2,98.78,255.06
2,98.79,255.06
2,98.8,255.06
2,98.81,255.06
2,98.81,255.06
2,98.82,255.06
2,98.83,255.06
2,98.84,255.06
2,98.84,255.06
2,98.85,255.06
2,98.86,255.07
2,98.86,255.07
2,98.87,255.07
2,98.88,255.07
2,98.89,255.07
2,98.89,255.07
2,98.9,255.07
2,98.91,255.07
2,98.92,255.07
2,98.92,255.07
2,98.93,255.08
2,98.94,255.08
2,98.95,255.08
2,98.95,255.08
2,98.96,255.08
2,98.97,255.08
2,98.97,255.08
2,98.98,255.08
2,98.99,255.08
6,118.67,255.18
6,119.01,255.18
6,119.36,255.18
6,119.68,255.18
6,120,255.18
6,120.33,255.18
6,120.65,255.18
6,120.97,255.19
6,121.29,255.19
6,121.61,255.19
6,121.93,255.19
6,122.25,255.19
6,122.57,255.19
6,122.9,255.19
6,123.22,255.19
6,123.54,255.19
6,123.86,255.19
6,124.18,255.2
6,124.5,255.2
6,124.82,255.2
6,125.14,255.2
6,125.46,255.2
6,125.79,255.2
6,126.11,255.2
6,126.43,255.2
6,126.75,255.2
6,127.07,255.2
6,127.39,255.2
6,127.71,255.21
6,128.03,255.21
6,128.35,255.21
6,128.68,255.21
6,129,255.21
6,129.32,255.21
6,129.64,255.21
6,129.96,255.21
6,130.28,255.21
6,130.6,255.21
6,130.92,255.21
6,131.25,255.22
6,131.57,255.22
6,131.89,255.22
6,132.21,255.22
6,132.53,255.22
6,132.85,255.22
6,133.17,255.22
6,133.49,255.22
6,133.81,255.22
6,134.14,255.22
6,134.46,255.23
6,134.78,255.23
6,135.1,255.23
6,135.42,255.23
6,135.74,255.23
6,136.06,255.23
6,136.38,255.23
6,136.7,255.23
6,137.03,255.23
6,137.35,255.23
6,137.67,255.23
6,137.99,255.24
6,138.31,255.24
6,138.63,255.24
6,138.95,255.24
6,139.27,255.24
6,139.6,255.24
6,139.92,255.24
6,140.24,255.24
6,140.56,255.24
6,140.88,255.24
6,88.56,255.24
6,88.69,255.25
6,88.83,255.25
6,88.96,255.25
6,89.09,255.25
6,89.23,255.25
6,89.36,255.25
6,89.49,255.25
6,89.62,255.25
6,89.76,255.25
6,89.89,255.25
6,90.02,255.26
6,90.16,255.26
6,90.29,255.26
6,90.42,255.26
6,90.56,255.26
6,90.69,255.26
6,90.82,255.26
6,90.95,255.26
6,91.09,255.26
6,91.22,255.26
6,91.35,255.26
6,91.49,255.27
6,91.62,255.27
6,91.75,255.27
6,91.89,255.27
6,92.02,255.27
6,92.15,255.27
6,92.28,255.27
6,92.42,255.27
6,92.55,255.27
6,92.68,255.27
6,92.82,255.27
6,92.95,255.28
6,93.08,255.28
6,93.22,255.28
6,93.35,255.28
6,93.48,255.28
6,93.61,255.28
6,93.75,255.28
6,93.88,255.28
6,94.01,255.28
6,94.15,255.28
6,94.28,255.29
6,94.41,255.29
6,94.55,255.29
6,94.68,255.29
6,94.81,255.29
6,94.95,255.29
6,95.08,255.29
6,95.21,255.29
6,95.34,255.29
6,95.48,255.29
6,95.61,255.29
6,95.74,255.3
6,95.88,255.3
6,96.01,255.3
6,96.14,255.3
6,96.28,255.3
6,96.41,255.3
6,96.54,255.3
6,96.67,255.3
6,96.81,255.3
6,96.94,255.3
6,97.07,255.3
6,97.21,255.31
6,97.34,255.31
6,97.47,255.31
6,97.61,255.31
6,97.74,255.31
6,97.87,255.31
6,98,255.31
6,98.14,255.31
6,98.27,255.31
6,98.4,255.31
6,98.54,255.32
6,98.67,255.32
6,98.8,255.32
6,98.94,255.32
6,99.07,255.32
6,99.2,255.32
6,99.33,255.32
6,99.47,255.32
6,99.6,255.32
6,99.73,255.32
6,99.87,255.32
6,100,255.33
6,100.13,255.33
6,100.27,255.33
6,100.4,255.33
6,100.53,255.33
6,100.67,255.33
6,100.8,255.33
6,100.93,255.33
6,101.06,255.33
6,101.2,255.33
6,101.33,255.33
6,101.46,255.34
6,101.6,255.34
6,101.73,255.34
6,101.86,255.34
6,102,255.34
6,102.13,255.34
6,102.26,255.34
6,102.39,255.34
6,102.53,255.34
6,102.66,255.34
6,102.79,255.35
6,102.93,255.35
6,103.06,255.35
6,103.19,255.35
6,103.33,255.35
6,103.46,255.35
6,103.59,255.35
6,103.72,255.35
6,103.86,255.35
6,103.99,255.35
6,104.12,255.35
6,104.26,255.36
6,104.39,255.36
6,104.52,255.36
6,104.66,255.36
6,104.79,255.36
6,104.92,255.36
6,105.05,255.36
6,105.19,255.36
6,105.32,255.36
6,105.45,255.36
6,105.59,255.36
6,105.72,255.37
6,105.85,255.37
6,105.99,255.37
6,106.12,255.37
6,106.25,255.37
6,106.39,255.37
6,106.52,255.37
6,106.65,255.37
6,106.78,255.37
6,106.92,255.37
6,107.05,255.38
6,107.18,255.38
6,107.32,255.38
6,107.45,255.38
6,107.58,255.38
6,107.72,255.38
6,107.85,255.38
6,107.98,255.38
6,108.11,255.38
6,108.25,255.38
6,108.38,255.38
6,108.51,255.39
6,108.65,255.39
6,108.78,255.39
6,108.91,255.39
6,109.05,255.39
6,109.18,255.39
6,109.31,255.39
6,109.44,255.39
6,109.58,255.39
6,109.71,255.39
6,109.84,255.39
6,109.98,255.4
6,110.11,255.4
6,110.24,255.4
6,110.38,255.4
6,110.51,255.4
6,110.64,255.4
6,110.77,255.4
6,110.91,255.4
6,111.04,255.4
6,111.17,255.4
6,111.31,255.41
6,111.44,255.41
6,111.57,255.41
6,111.71,255.41
6,111.84,255.41
6,111.97,255.41
6,112.11,255.41
6,112.24,255.41
6,112.37,255.41
6,112.5,255.41
6,112.64,255.41
6,112.77,255.42
6,112.9,255.42
6,113.04,255.42
6,113.17,255.42
6,113.3,255.42
6,113.44,255.42
6,113.57,255.42
6,113.7,255.42
6,113.83,255.42
6,113.97,255.42
6,114.1,255.42
6,114.23,255.43
6,114.37,255.43
6,114.5,255.43
6,114.63,255.43
6,114.77,255.43
6,114.9,255.43
6,115.03,255.43
6,115.16,255.43
6,115.3,255.43
6,115.43,255.43
6,115.56,255.44
6,115.7,255.44
6,115.83,255.44
6,115.96,255.44
6,116.1,255.44
6,116.23,255.44
6,116.36,255.44
6,116.49,255.44
6,116.63,255.44
6,116.76,255.44
6,116.89,255.44
6,117.03,255.45
6,117.16,255.45
6,117.29,255.45
6,117.43,255.45
6,117.56,255.45
6,117.69,255.45
6,117.83,255.45
6,117.96,255.45
6,118.09,255.45
6,118.22,255.45
6,118.36,255.45
6,118.49,255.46
6,118.62,255.46
6,118.76,255.46
6,118.89,255.46
6,119.02,255.46
6,119.16,255.46
6,119.29,255.46
6,119.42,255.46
6,119.55,255.46
6,119.69,255.46
6,119.82,255.47
6,119.95,255.47
6,120.09,255.47
6,120.22,255.47
6,120.35,255.47
6,120.49,255.47
6,120.62,255.47
6,120.75,255.47
6,120.88,255.47
6,121.02,255.47
6,121.15,255.47
6,121.28,255.48
6,121.42,255.48
6,121.55,255.48
6,121.68,255.48
6,121.82,255.48
6,121.95,255.48
6,122.08,255.48
6,122.21,255.48
6,122.35,255.48
6,122.48,255.48
6,122.61,255.48
6,122.75,255.49
6,122.88,255.49
6,123.01,255.49
6,123.15,255.49
6,123.28,255.49
6,123.41,255.49
6,123.55,255.49
6,123.68,255.49
6,123.81,255.49
6,123.94,255.49
6,124.08,255.5
6,124.21,255.5
6,124.34,255.5
6,124.48,255.5
6,124.61,255.5
6,124.74,255.5
6,124.88,255.5
6,125.01,255.5
6,125.14,255.5
6,125.27,255.5
6,125.41,255.5
6,125.54,255.51
6,125.67,255.51
6,125.81,255.51
6,125.94,255.51
6,126.07,255.51
6,126.21,255.51
6,126.34,254.54
6,126.47,254.24
6,126.6,253.93
6,126.74,253.63
6,126.87,253.32
6,127,253.02
6,127.14,252.71
6,127.27,252.41
6,127.4,252.1
6,127.54,251.8
6,127.67,251.5
6,127.8,251.19
6,127.93,250.89
6,128.07,250.58
6,128.2,250.28
6,128.33,249.97
6,128.47,249.67
6,128.6,249.36
6,128.73,249.06
6,128.87,248.76
6,129,248.45
6,129.13,248.15
6,129.27,247.84
6,129.4,247.54
6,129.53,247.23
6,129.66,246.93
6,129.8,246.62
6,129.93,246.32
6,130.06,246.02
6,130.2,245.71
6,130.33,245.41
6,130.46,245.1
6,130.6,244.8
6,130.73,244.49
6,130.86,244.19
6,130.99,243.88
6,131.13,243.58
6,131.26,243.28
6,131.39,242.97
6,131.53,242.67
6,131.66,242.36
6,131.79,242.06
6,131.93,241.75
6,132.06,241.45
6,132.19,241.14
6,132.32,240.84
6,132.46,240.54
6,132.59,240.23
6,132.72,239.93
6,132.86,239.62
6,132.99,239.32
6,133.12,239.01
6,133.26,238.71
6,133.39,238.4
6,133.52,238.1
6,133.65,237.8
6,133.79,237.49
6,133.92,237.19
6,134.05,236.88
6,134.19,236.58
6,134.32,236.27
6,134.45,235.97
6,134.59,235.66
6,134.72,235.36
6,134.85,235.06
6,134.99,234.75
6,135.12,234.45
6,135.25,234.14
6,135.38,233.84
6,135.52,233.53
6,135.65,233.23
6,135.78,232.92
6,135.92,232.62
6,136.05,232.32
6,136.18,232.01
6,136.32,231.71
6,136.45,231.4
6,136.58,231.1
6,136.71,230.79
6,136.85,230.49
6,136.98,230.18
6,137.11,229.88
6,137.25,229.58
6,137.38,229.27
6,137.51,228.97
6,137.65,228.66
6,137.78,228.36
6,137.91,228.05
6,138.04,227.75
6,138.18,227.44
6,138.31,227.14
6,138.44,226.84
6,138.58,226.53
6,138.71,226.23
6,138.84,225.92
6,138.98,225.62
6,139.11,225.31
6,139.24,225.01
6,139.37,224.7
6,139.51,224.4
6,139.64,224.1
6,139.77,223.79
6,139.91,223.49
6,140.04,223.18
6,140.17,222.88
6,140.31,222.57
6,140.44,222.27
6,140.57,221.96
6,140.71,221.66
6,140.84,221.36
6,140.97,221.05
6,141.1,220.75
6,141.24,220.44
6,141.37,220.14
6,141.5,219.83
6,141.64,219.53
6,141.77,219.22
6,141.9,218.92
6,142.04,218.62
6,142.17,218.31
6,142.3,218.01
6,142.43,217.7
6,142.57,217.4
6,142.7,217.09
6,142.83,216.79
6,142.97,216.48
6,143.1,216.18
6,143.23,215.88
6,143.37,215.57
6,143.5,215.27
6,143.63,214.96
6,143.76,214.66
6,143.9,214.35
6,144.03,214.05
6,144.16,213.74
6,144.3,213.44
6,144.43,213.14
6,144.56,212.83
6,144.7,212.53
6,144.83,212.22
6,144.96,211.92
6,145.09,211.61
6,145.23,211.31
6,145.36,211
6,145.49,210.7
6,145.63,210.4
6,145.76,210.09
6,145.89,209.79
6,146.03,209.48
6,146.16,209.18
6,146.29,208.87
6,146.43,208.57
6,146.56,208.26
6,146.69,207.96
6,146.82,207.66
6,146.96,207.35
6,147.09,207.05
6,147.22,206.74
6,147.36,206.44
6,147.49,206.13
6,147.62,205.83
6,147.76,205.52
6,147.89,205.22
6,148.02,204.92
6,148.15,204.61
6,148.29,204.31
6,148.42,204
6,148.55,203.7
6,148.69,203.39
6,148.82,203.09
6,148.95,202.78
6,149.09,202.48
6,149.22,202.18
6,149.35,201.87
6,149.48,201.57
6,149.62,201.26
6,149.75,200.96
6,149.88,200.65
6,150.02,200.35
6,150.15,200.04
6,150.28,199.74
6,150.42,199.44
6,150.55,199.13
6,150.68,198.83
6,150.81,198.52
6,150.95,198.22
6,151.08,197.91
6,151.21,197.61
6,151.35,197.3
6,151.48,197
6,151.61,196.7
6,151.75,196.39
6,151.88,196.09
6,152.01,195.78
6,152.15,195.48
6,152.28,195.17
6,152.41,194.87
6,152.54,194.56
6,152.68,194.26
6,152.81,193.96
6,152.94,193.65
6,153.08,193.35
6,153.21,193.04
6,153.34,192.74
6,153.48,192.43
6,153.61,192.13
6,153.74,191.82
6,153.87,191.52
6,154.01,191.22
6,154.14,190.91
6,154.27,190.61
6,154.41,190.3
6,154.54,190
6,154.67,189.69
6,154.81,189.39
6,154.94,189.09
6,155.07,188.78
6,155.2,188.48
6,155.34,188.17
6,155.47,187.87
6,155.6,187.56
6,155.74,187.26
6,155.87,186.95
6,156,186.65
6,156.14,186.35
6,156.27,186.04
6,156.4,185.74
6,156.53,185.43
6,156.67,185.13
6,156.8,184.82
6,156.93,184.52
6,157.07,184.21
6,157.2,183.91
6,157.33,183.61
6,157.47,183.3
6,157.6,183
6,157.73,182.69
6,157.87,182.39
6,158,182.08
6,158.13,181.78
6,158.26,181.47
6,158.4,181.17
6,158.53,180.87
6,158.66,180.56
6,158.8,180.26
6,158.93,179.95
6,159.06,179.65
6,159.2,179.34
6,159.33,179.04
6,159.46,178.73
6,159.59,178.43
6,159.73,178.13
6,159.86,177.82
6,159.99,177.52
6,160.13,177.21
6,160.26,176.91
6,160.39,176.6
6,160.53,176.3
6,160.66,175.99
6,160.79,175.69
6,160.92,175.39
6,161.06,175.08
6,161.19,174.78
6,161.32,174.47
6,161.46,174.17
6,161.59,173.86
6,161.72,173.56
6,161.86,173.25
6,161.99,172.95
6,162.12,172.65
6,162.25,172.34
6,162.39,172.04
6,162.52,171.73
6,162.65,171.43
6,162.79,171.12
6,162.92,170.82
6,163.05,170.51
6,163.19,170.21
6,163.32,169.91
6,163.45,169.6
6,163.59,169.3
6,163.72,168.99
6,163.85,168.69
6,163.98,168.38
6,164.12,168.08
6,164.25,167.77
6,164.38,167.47
6,164.52,167.17
6,164.65,166.86
6,164.78,166.56
6,164.92,166.25
6,165.05,165.95
6,165.18,165.64
6,165.31,165.34
6,165.45,165.03
6,165.58,164.73
6,165.71,164.43
6,165.85,164.12
6,165.98,163.82
6,166.11,163.51
6,166.25,163.21
6,166.38,162.9
6,166.51,162.6
6,166.64,162.29
6,166.78,161.99
6,166.91,161.69
6,167.04,161.38
6,167.18,161.08
6,167.31,160.77
6,167.44,160.47
6,167.58,160.16
6,167.71,159.86
6,167.84,159.55
6,167.97,159.25
6,168.11,158.95
6,168.24,158.64
6,168.37,158.34
6,168.51,158.03
6,168.64,157.73
6,168.77,157.42
6,168.91,157.12
6,169.04,156.81
6,169.17,156.51
6,169.31,156.21
6,169.44,155.9
6,169.57,155.6
6,169.7,155.29
6,169.84,154.99
6,169.97,154.68
6,170.1,154.38
6,170.24,154.07
6,170.37,153.77
6,170.5,153.47
6,170.64,153.16
6,170.77,152.86
6,170.9,152.55
6,171.03,152.25
6,171.17,151.94
6,171.3,151.64
6,171.43,151.33
6,171.57,151.03
6,171.7,150.73
6,171.83,150.42
6,171.97,150.12
6,172.1,149.81
6,172.23,149.51
6,172.36,149.2
6,172.5,148.9
6,172.63,148.59
6,172.76,148.29
6,172.9,147.99
6,173.03,147.68
6,173.16,147.38
6,173.3,147.07
6,173.43,146.77
6,173.56,146.46
6,173.69,146.16
6,173.83,145.85
6,173.96,145.55
6,174.09,145.25
6,174.23,144.94
6,174.36,144.64
6,174.49,144.33
6,174.63,144.03
6,174.76,143.72
6,174.89,143.42
6,175.03,143.11
6,175.16,142.81
6,175.29,142.51
6,175.42,142.2
6,175.56,141.9
6,175.69,141.59
6,175.82,141.29
6,175.96,140.98
6,176.09,140.68
6,176.22,140.37
6,176.36,140.07
6,176.49,139.77
6,176.62,139.46
6,176.75,139.16
6,176.89,138.85
6,177.02,138.55
6,177.15,138.24
6,177.29,137.94
6,177.42,137.63
6,177.55,137.33
6,177.69,137.03
6,177.82,136.72
6,177.95,136.42
6,178.08,136.11
6,178.22,135.81
6,178.35,135.5
6,178.48,135.2
6,178.62,134.89
6,178.75,134.59
6,178.88,134.29
6,179.02,133.98
6,179.15,133.68
6,179.28,133.37
6,179.41,133.07
6,179.55,132.76
6,179.68,132.46
6,179.81,132.15
6,179.95,131.85
6,180.08,131.55
6,180.22,131.24
6,180.35,130.94
6,180.49,130.63
6,180.62,130.33
6,180.76,130.02
6,180.89,129.72
6,181.03,129.41
6,181.16,129.11
6,181.29,128.81
6,181.43,128.5
6,181.56,128.2
6,181.7,127.89
6,181.83,127.59
6,181.97,127.28
6,182.1,126.98
6,182.24,126.67
6,182.37,126.37
6,182.5,126.07
6,182.64,125.76
6,182.77,125.46
6,182.91,125.15
6,183.04,124.85
6,183.18,124.54
6,183.31,124.24
6,183.45,123.93
6,183.58,123.63
6,183.71,123.33
6,183.85,123.02
6,183.98,122.72
6,184.12,122.41
6,184.25,122.11
6,184.39,121.8
6,184.52,121.5
6,184.66,121.19
6,184.79,120.89
6,184.92,120.59
6,185.06,120.28
6,185.19,119.98
6,185.33,119.67
6,185.46,119.37
6,185.6,119.06
6,185.73,118.76
6,185.87,118.45
6,186,118.15
6,186.14,117.85
6,186.27,117.54
6,186.4,117.24
6,186.54,116.93
6,186.67,116.63
6,186.81,116.32
6,186.94,116.02
6,187.08,115.71
6,187.21,115.41
6,187.35,115.11
6,187.48,114.8
6,187.61,114.5
6,187.75,114.19
6,187.88,113.89
6,188.02,113.58
6,188.15,113.28
6,188.29,112.97
6,188.42,112.67
6,188.56,112.37
6,188.69,112.06
6,188.82,111.76
6,188.96,111.45
6,189.09,111.15
6,189.23,110.84
6,189.36,110.54
6,189.5,110.23
6,189.63,109.93
6,189.77,109.63
6,189.9,109.32
6,190.03,109.02
6,190.17,108.71
6,190.3,108.41
6,190.44,108.1
6,190.57,107.8
6,190.71,107.49
6,190.84,107.19
6,190.98,106.89
6,191.11,106.58
6,191.24,106.28
6,191.38,105.97
6,191.51,105.67
6,191.65,105.36
6,191.78,105.06
6,191.92,104.75
6,192.05,104.45
6,192.19,104.15
6,192.32,103.84
6,192.45,103.54
6,192.59,103.23
6,192.72,102.93
6,192.86,102.62
6,192.99,102.32
6,193.13,102.01
6,193.26,101.71
6,193.4,101.41
6,193.53,101.1
6,193.66,100.8
6,193.8,100.49
6,193.93,100.19
6,194.07,99.88
6,194.2,99.58
6,194.34,99.27
6,194.47,98.97
6,194.61,98.67
6,194.74,98.36
6,194.87,98.06
6,195.01,97.75
6,195.14,97.45
6,195.28,97.14
6,195.41,96.84
6,195.55,96.53
6,195.68,96.23
6,195.82,95.93
6,195.95,95.62
6,196.08,95.32
6,196.22,95.01
6,196.35,94.71
6,196.49,94.4
6,196.62,94.1
6,196.76,93.79
6,196.89,93.49
6,197.03,93.19
6,197.16,92.88
6,197.3,92.58
6,197.43,92.27
6,197.56,91.97
6,197.7,91.66
6,197.83,91.36
6,197.97,91.05
6,198.1,90.75
6,198.24,90.45
6,198.37,90.14
6,198.51,89.84
6,198.64,89.53
6,198.77,89.23
6,198.91,88.92
6,199.04,88.62
6,199.18,88.31
6,199.31,88.01
6,199.45,87.71
6,199.58,87.4
6,199.72,87.1
6,199.85,86.79
6,199.98,86.49
6,200.12,86.18
6,200.25,85.88
6,200.39,85.57
6,200.52,85.27
6,200.66,84.97
6,200.79,84.66
6,200.93,84.36
6,201.06,84.05
6,201.19,83.75
6,201.33,83.44
6,201.46,83.14
6,201.6,82.83
6,201.73,82.53
6,201.87,82.23
6,202,81.92
6,202.14,81.62
6,202.27,81.31
6,202.4,81.01
6,202.54,80.7
6,202.67,80.4
6,202.81,80.09
6,202.94,79.79
6,203.08,79.49
6,203.21,79.18
6,203.35,78.88
6,203.48,78.57
6,203.61,78.27
6,203.75,77.96
6,203.88,77.66
6,204.02,77.35
6,204.15,77.05
6,204.29,76.75
6,204.42,76.44
6,204.56,76.14
6,204.69,75.83
6,204.82,75.53
6,204.96,75.22
6,205.09,74.92
6,205.23,74.61
6,205.36,74.31
6,205.5,74.01
6,205.63,73.7
6,205.77,73.4
6,205.9,73.09
6,206.03,72.79
6,206.17,72.48
6,206.3,72.18
6,206.44,71.87
6,206.57,71.57
6,206.71,71.27
6,206.84,70.96
6,206.98,70.66
6,207.11,70.35
6,207.24,70.05
6,207.38,69.74
6,207.51,69.44
6,207.65,69.13
6,207.78,68.83
6,207.92,68.53
6,208.05,68.22
6,208.19,67.92
6,208.32,67.61
6,208.46,67.31
6,208.59,67
6,208.72,66.7
6,208.86,66.39
6,208.99,66.09
6,209.13,65.79
6,209.26,65.48
6,209.4,65.18
6,209.53,64.87
6,209.67,64.57
6,209.8,64.26
6,209.93,63.96
6,210.07,63.66
6,210.2,63.35
6,210.34,63.05
6,210.47,62.74
6,210.61,62.44
6,210.74,62.13
6,210.88,61.83
6,211.01,61.52
6,211.14,61.22
6,211.28,60.92
6,211.41,60.61
6,211.55,60.31
6,211.68,60
6,211.82,59.7
6,211.95,59.39
6,212.09,59.09
6,212.22,58.78
6,212.35,58.48
6,212.49,58.18
6,212.62,57.87
6,212.76,57.57
6,212.89,57.26
6,213.03,56.96
6,213.16,56.65
6,213.3,56.35
6,213.43,56.04
6,213.56,55.74
6,213.7,55.44
6,213.83,55.13
6,213.97,54.83
6,214.1,54.52
6,214.24,54.22
6,214.37,53.91
6,214.51,53.61
6,214.64,53.3
6,214.77,53
6,214.91,52.7
6,215.04,52.39
6,215.18,52.09
6,215.31,51.78
6,215.45,51.48
6,215.58,51.17
6,215.72,50.87
6,215.85,50.56
6,215.98,50.26
6,216.12,49.96
6,216.25,49.65
6,216.39,49.35
6,216.52,49.04
6,216.66,48.74
6,216.79,48.43
6,216.93,48.13
6,217.06,47.82
6,217.19,47.52
6,217.33,47.22
6,217.46,46.91
6,217.6,46.61
6,217.73,46.3
6,217.87,46
6,218,45.69
6,218.14,45.39
6,218.27,45.08
6,218.4,44.78
6,218.54,44.48
6,218.67,44.17
6,218.81,43.87
6,218.94,43.56
6,219.08,43.26
6,219.21,42.95
6,219.35,42.65
6,219.48,42.34
6,219.62,42.04
6,219.75,41.74
6,219.88,41.43
6,220.02,41.13
6,220.15,40.82
6,220.29,40.52
6,220.42,40.21
6,220.56,39.91
6,220.69,39.6
6,220.83,39.3
6,220.96,39
6,221.09,38.69
6,221.23,38.39
6,221.36,38.08
6,221.5,37.78
6,221.63,37.47
6,221.77,37.17
6,221.9,36.86
6,222.04,36.56
6,222.17,36.26
6,222.3,35.95
6,222.44,35.65
6,222.57,35.34
6,222.71,35.04
6,222.84,34.73
6,222.98,34.43
6,223.11,34.12
6,223.25,33.82
6,223.38,33.52
6,223.51,33.21
6,223.65,32.91
6,223.78,32.6
6,223.92,32.3
6,224.05,31.99
6,224.19,31.69
6,224.32,31.38
6,224.46,31.08
6,224.59,30.78
6,224.72,30.47
6,224.86,30.17
6,224.99,29.86
6,225.13,29.56
6,225.26,29.25
6,225.4,28.95
6,225.53,28.64
6,225.67,28.34
6,225.8,28.04
6,225.93,27.73
6,226.07,27.43
6,226.2,27.12
6,226.34,26.82
6,226.47,26.51
6,226.61,26.21
6,226.74,25.9
6,226.88,25.6
6,227.01,25.3
6,227.14,24.99
6,227.28,24.69
6,227.41,24.38
6,227.55,24.08
6,227.68,23.77
6,227.82,23.47
6,227.95,23.16
6,228.09,22.86
6,228.22,22.56
6,228.35,22.25
6,228.49,21.95
6,228.62,21.64
6,228.76,21.34
6,228.89,21.03
6,229.03,20.73
6,229.16,20.42
6,229.3,20.12
6,229.43,19.82
6,229.56,19.51
6,229.7,19.21
6,229.83,18.9
6,229.97,18.6
6,230.1,18.29
6,230.24,17.99
6,230.37,17.68
6,230.51,17.38
6,230.64,17.08
6,230.78,16.77
6,230.91,16.47
6,231.04,16.16
6,231.18,15.86
6,231.31,15.55
6,231.45,15.25
6,231.58,10.69
6,231.72,10.39
6,231.85,10.09
6,231.99,9.78
6,232.12,9.48
6,232.25,9.17
6,232.39,8.87
6,232.52,8.56
6,232.66,8.26
6,232.79,7.95
6,232.93,7.65
6,233.06,7.35
6,233.2,7.04
6,233.33,6.74
6,233.46,6.43
6,233.6,6.13
6,233.73,5.82
6,233.87,5.52
6,234,5.21
6,234.14,4.91
6,234.27,4.61
6,234.41,4.3
6,234.54,4
6,234.67,3.69
6,234.81,3.39
6,234.94,3.08
6,235.08,2.78
6,235.21,2.47
6,235.35,2.17
6,235.48,0.93
6,235.62,0.62
6,235.75,0.32
#MOTOR_P2
-1,34.32,128
-1,34.33,128
-1,34.35,128
-1,34.36,128.01
-1,34.37,128.01
-1,34.39,128.01
-1,34.4,128.01
-1,34.41,128.01
-1,34.43,128.01
-1,34.44,128.02
-1,34.45,128.02
-1,34.47,128.02
-1,34.48,128.02
-1,34.49,128.02
-1,34.5,128.02
-1,34.52,128.03
-1,34.53,128.03
-1,34.54,128.03
-1,34.56,128.03
-1,34.57,128.03
-1,34.58,128.04
-1,34.6,104.06
-1,34.61,80.07
-1,34.62,56.09
-1,34.64,32.1
-1,34.65,8.12
-1,34.66,8.13
-1,34.68,8.13
3,34.69,8.13
3,36,8.13
3,37.31,8.13
3,38.63,8.14
3,39.94,8.14
3,41.25,8.14
3,42.56,8.14
3,43.87,8.14
3,45.19,8.14
3,46.5,8.15
3,47.81,8.15
3,49.12,8.15
3,50.43,8.15
3,51.75,8.15
3,53.06,8.15
3,54.37,8.16
3,55.68,8.16
3,56.99,8.16
3,58.3,8.16
3,59.62,8.16
3,60.93,8.17
3,62.24,8.17
3,63.55,8.17
3,64.86,8.17
3,66.18,8.17
3,67.49,8.17
3,68.8,8.18
3,70.11,8.18
3,71.42,8.18
3,72.74,8.18
3,74.05,8.18
3,75.36,8.19
3,76.67,8.19
3,77.98,8.19
3,79.3,8.19
3,80.61,8.19
3,81.92,8.19
3,83.23,8.2
3,84.54,8.2
3,85.86,8.2
3,87.17,8.2
3,88.48,8.2
3,89.79,8.2
3,91.1,8.21
3,92.42,8.21
3,93.73,8.21
3,95.04,8.21
3,96.35,8.21
3,97.66,8.22
3,98.98,8.22
3,100.29,8.22
3,101.6,8.22
3,102.91,8.22
3,104.22,8.22
3,105.53,8.23
3,106.85,8.23
3,108.16,8.23
3,109.47,8.23
3,110.78,8.23
3,112.09,8.24
3,113.41,8.24
3,114.72,8.24
3,116.03,8.24
3,117.34,8.24
3,118.65,8.24
3,119.97,8.25
3,121.28,8.25
3,122.59,8.25
3,123.9,8.25
3,125.21,8.25
3,126.53,8.25
3,127.84,8.26
3,129.15,8.26
3,53.14,8.26
3,53.81,8.26
3,54.49,8.26
3,55.16,8.27
3,55.84,8.27
3,56.51,8.27
3,57.18,8.27
3,57.86,8.27
3,58.53,8.27
3,59.21,8.28
3,59.88,8.28
3,60.55,8.28
3,61.23,8.28
3,61.9,8.28
3,62.58,8.29
3,63.25,8.29
3,63.92,8.29
3,64.6,8.29
3,65.27,8.29
3,65.95,8.29
3,66.62,8.3
3,67.29,8.3
3,67.97,8.3
3,68.64,8.3
3,69.32,8.3
3,69.99,8.3
3,70.66,8.31
3,71.34,8.31
3,72.01,8.31
3,72.69,8.31
3,73.36,8.31
3,74.03,8.26
3,74.71,8.22
3,75.38,8.17
3,76.06,8.12
3,76.73,8.07
3,77.4,8.03
3,78.08,7.98
3,78.75,7.93
3,79.43,7.88
3,80.1,7.84
3,80.77,7.79
3,81.45,7.74
3,82.12,7.69
3,82.8,7.65
3,83.47,7.6
3,84.14,7.55
3,84.82,7.5
3,85.49,7.46
3,86.16,7.41
3,86.84,7.36
3,87.51,7.31
3,88.19,7.27
3,88.86,7.22
3,89.53,7.17
3,90.21,7.12
3,90.88,7.08
3,91.56,7.03
3,92.23,6.98
3,92.9,6.93
3,93.58,6.89
3,94.25,6.84
3,94.93,6.79
3,95.6,6.74
3,96.27,6.7
3,96.95,6.65
3,97.62,6.6
3,98.3,6.56
3,98.97,6.51
3,99.64,6.46
3,100.32,6.41
3,100.99,6.37
3,101.67,6.32
3,102.34,6.27
3,103.01,6.22
3,103.69,6.18
3,104.36,6.13
3,105.04,6.08
3,105.71,6.03
3,106.38,5.99
3,107.06,5.94
3,107.73,5.89
3,108.41,5.84
3,109.08,5.8
3,109.75,5.75
3,110.43,5.7
3,111.1,5.65
3,111.78,5.61
3,112.45,5.56
3,113.12,5.51
3,113.8,5.46
3,114.47,5.42
3,115.15,5.37
3,115.82,5.32
3,116.49,5.27
3,117.17,5.23
3,117.84,5.18
3,118.52,5.13
3,119.19,5.08
3,100,5.04
3,75.81,4.99
3,76.03,4.94
3,76.25,4.9
3,76.47,4.85
3,76.7,4.8
3,76.92,4.75
3,77.14,4.71
3,77.36,4.66
3,77.58,4.61
3,77.8,4.56
3,78.03,4.52
3,78.25,4.47
3,78.47,4.42
3,78.69,4.37
3,78.91,4.33
3,79.13,4.28
3,79.36,4.23
3,79.58,4.18
3,79.8,4.14
3,80.02,4.09
3,80.24,4.04
3,80.46,3.99
3,80.68,3.95
3,80.91,3.9
3,81.13,3.85
3,81.35,3.8
3,81.57,3.76
3,81.79,3.71
3,82.01,3.66
3,82.24,3.61
3,82.46,3.57
3,82.68,3.52
3,82.9,3.47
3,83.12,3.42
3,83.34,3.38
3,83.57,3.33
3,83.79,3.28
3,84.01,3.24
3,84.23,3.19
3,84.45,3.14
3,84.67,3.09
3,84.89,3.05
3,85.12,3
3,85.34,2.95
3,85.56,2.9
3,85.78,2.86
3,86,2.81
3,86.22,2.76
3,86.45,2.71
3,86.67,2.67
3,86.89,2.62
3,87.11,2.57
3,87.33,2.52
3,87.55,2.48
3,87.77,2.43
3,88,2.38
3,88.22,2.33
3,88.44,2.29
3,88.66,2.24
3,88.88,2.19
3,89.1,2.14
3,89.33,2.1
3,89.55,2.05
3,89.77,2
3,89.99,1.95
3,90.21,1.91
3,90.43,1.86
3,90.66,1.81
3,90.88,1.76
3,91.1,1.72
3,91.32,1.67
3,91.54,1.62
3,91.76,1.58
3,91.98,1.53
3,92.21,1.48
3,92.43,1.43
3,92.65,1.39
3,92.87,1.34
3,93.09,1.29
3,93.31,1.24
3,93.54,1.2
3,93.76,1.15
3,93.98,1.1
3,94.2,1.05
3,94.42,1.01
3,94.64,0.96
3,94.87,0.91
3,95.09,0.86
3,95.31,0.82
3,95.53,0.77
3,95.75,0.72
3,95.97,0.67
3,96.19,0.63
3,96.42,0.58
3,96.64,0.53
3,96.86,0.48
3,97.08,0.44
3,97.3,0.39
3,97.52,0.34
3,97.75,0.29
3,97.97,0.25
3,98.19,0.2
3,98.41,0.15
3,98.63,0.1
3,98.85,0.06
3,99.08,0.01
3,99.3,0.03
3,99.52,0.04
3,99.74,0.06
-1,99.75,0.08
-1,99.75,0.1
-1,99.76,0.11
-1,99.77,0.13
-1,99.77,0.15
-1,99.78,0.17
-1,99.78,0.18
-1,99.79,0.2
-1,99.8,0.22
-1,99.8,0.23
-1,99.81,0.25
-1,99.82,0.27
-1,99.82,0.29
-1,99.83,0.3
-1,99.83,0.32
-1,99.84,0.34
-1,99.85,0.36
-1,99.85,0.37
-1,99.86,128
-1,99.87,127.9
-1,99.87,127.8
-1,99.88,127.69
-1,99.89,127.59
-1,99.89,127.49
-1,99.9,127.39
-1,99.9,127.28
-1,99.91,127.18
-1,99.92,127.08
-1,99.92,126.98
-1,99.93,126.87
-1,99.94,126.77
-1,99.94,126.67
-1,99.95,126.57
-1,99.95,126.46
-1,99.96,126.36
-1,99.97,126.26
-1,99.97,126.16
-1,99.98,126.05
-1,99.99,125.95
-1,99.99,125.85
-1,100,125.75
-1,100.01,125.64
-1,100.01,125.54
-1,100.02,125.44
-1,100.02,125.34
-1,100.03,125.24
-1,100.04,125.13
-1,100.04,125.03
-1,100.05,124.93
-1,100.06,124.83
-1,100.06,124.72
-1,100.07,124.62
-1,100.07,124.52
-1,100.08,124.42
-1,100.09,124.31
-1,100.09,124.21
-1,100.1,124.11
-1,100.11,124.01
-1,100.11,123.9
-1,100.12,123.8
-1,100.13,123.7
-1,100.13,123.6
-1,100.14,123.49
-1,100.14,123.39
-1,100.15,123.29
-1,100.16,123.19
-1,100.16,123.08
-1,100.17,122.98
-1,100.18,122.88
-1,100.18,122.78
-1,100.19,122.68
-1,100.19,122.57
-1,100.2,122.47
-1,100.21,122.37
-1,100.21,122.27
-1,100.22,122.16
-1,100.23,122.06
-1,100.23,121.96
-1,100.24,121.86
-1,100.25,121.75
-1,100.25,121.65
-1,100.26,121.55
-1,100.26,121.45
-1,100.27,121.34
-1,100.28,121.24
-1,100.28,121.14
-1,100.29,121.04
-1,100.3,120.93
-1,100.3,120.83
-1,100.31,120.73
-1,100.32,120.63
-1,100.32,120.52
-1,100.33,120.42
-1,100.33,120.32
-1,100.34,120.22
-1,100.35,120.12
-1,100.35,120.01
-1,100.36,119.91
-1,100.37,119.81
-1,100.37,119.71
-1,100.38,119.6
-1,100.38,119.5
-1,100.39,119.4
-1,100.4,119.3
-1,100.4,119.19
-1,100.41,119.09
-1,100.42,118.99
-1,100.42,118.89
-1,100.43,118.78
-1,100.44,118.68
-1,100.44,118.58
-1,100.45,118.48
-1,100.45,118.37
-1,100.46,118.27
-1,100.47,118.17
-1,100.47,118.07
-1,100.48,117.96
-1,100.49,117.86
-1,100.49,117.76
-1,100.5,117.66
-1,100.5,117.56
-1,100.51,117.45
-1,100.52,117.35
-1,100.52,117.25
-1,100.53,117.15
-1,100.54,117.04
-1,100.54,116.94
-1,100.55,116.84
-1,100.56,116.74
-1,100.56,116.63
-1,100.57,116.53
-1,100.57,116.43
-1,100.58,116.33
-1,100.59,116.22
-1,100.59,116.12
-1,100.6,116.02
-1,100.61,115.92
-1,100.61,115.81
-1,100.62,115.71
-1,100.62,115.61
-1,100.63,115.51
-1,100.64,115.4
-1,100.64,115.3
-1,100.65,115.2
-1,100.66,115.1
-1,100.66,115
-1,100.67,114.89
-1,100.68,114.79
-1,100.68,114.69
-1,100.69,114.59
-1,100.69,114.48
-1,100.7,114.38
-1,100.71,114.28
-1,100.71,114.18
-1,100.72,114.07
-1,100.73,113.97
-1,100.73,113.87
-1,100.74,113.77
-1,100.74,113.66
-1,100.75,113.56
-1,100.76,113.46
-1,100.76,113.36
-1,100.77,113.25
-1,100.78,113.15
-1,100.78,113.05
-1,100.79,112.95
-1,100.8,112.84
-1,100.8,112.74
-1,100.81,112.64
-1,100.81,112.54
-1,100.82,112.44
-1,100.83,112.33
-1,100.83,112.23
-1,100.84,112.13
-1,100.85,112.03
-1,100.85,111.92
-1,100.86,111.82
-1,100.86,111.72
-1,100.87,111.62
-1,100.88,111.51
-1,100.88,111.41
-1,100.89,111.31
-1,100.9,111.21
-1,100.9,111.1
-1,100.91,111
-1,100.92,110.9
-1,100.92,110.8
-1,100.93,110.69
-1,100.93,110.59
-1,100.94,110.49
-1,100.95,110.39
-1,100.95,110.28
-1,100.96,110.18
-1,100.97,110.08
-1,100.97,109.98
-1,100.98,109.88
-1,100.98,109.77
-1,100.99,109.67
-1,101,109.57
-1,101,109.47
-1,101.01,109.36
-1,101.02,109.26
-1,101.02,109.16
-1,101.03,109.06
-1,101.04,108.95
-1,101.04,108.85
-1,101.05,108.75
-1,101.05,108.65
-1,101.06,108.54
-1,101.07,108.44
-1,101.07,108.34
-1,101.08,108.24
-1,101.09,108.13
-1,101.09,108.03
-1,101.1,107.93
-1,101.11,107.83
-1,101.11,107.72
-1,101.12,107.62
-1,101.12,107.52
-1,101.13,107.42
-1,101.14,107.32
-1,101.14,107.21
-1,101.15,107.11
-1,101.16,107.01
-1,101.16,106.91
-1,101.17,106.8
-1,101.17,106.7
-1,101.18,106.6
-1,101.19,106.5
-1,101.19,106.39
-1,101.2,106.29
-1,101.21,106.19
-1,101.21,106.09
-1,101.22,105.98
-1,101.23,105.88
-1,101.23,105.78
-1,101.24,105.68
-1,101.24,105.57
-1,101.25,105.47
-1,101.26,105.37
-1,101.26,105.27
-1,101.27,105.16
-1,101.28,105.06
-1,101.28,104.96
-1,101.29,104.86
-1,101.29,104.76
-1,101.3,104.65
-1,101.31,104.55
-1,101.31,104.45
-1,101.32,104.35
-1,101.33,104.24
-1,101.33,104.14
-1,101.34,104.04
-1,101.35,103.94
-1,101.35,103.83
-1,101.36,103.73
-1,101.36,103.63
-1,101.37,103.53
-1,101.38,103.42
-1,101.38,103.32
-1,101.39,103.22
-1,101.4,103.12
-1,101.4,103.01
-1,101.41,102.91
-1,101.41,102.81
-1,101.42,102.71
-1,101.43,102.6
-1,101.43,102.5
-1,101.44,102.4
-1,101.45,102.3
-1,101.45,102.2
-1,101.46,102.09
-1,101.47,101.99
-1,101.47,101.89
-1,101.48,101.79
-1,101.48,101.68
-1,101.49,101.58
-1,101.5,101.48
-1,101.5,101.38
-1,101.51,101.27
-1,101.52,101.17
-1,101.52,101.07
-1,101.53,100.97
-1,101.53,100.86
-1,101.54,100.76
-1,101.55,100.66
-1,101.55,100.56
-1,101.56,100.45
-1,101.57,100.35
-1,101.57,100.25
-1,101.58,100.15
-1,101.59,100.04
-1,101.59,99.94
-1,101.6,99.84
-1,101.6,99.74
-1,101.61,99.64
-1,101.62,99.53
-1,101.62,99.43
-1,101.63,99.33
-1,101.64,99.23
-1,101.64,99.12
-1,101.65,99.02
-1,101.65,98.92
-1,101.66,98.82
-1,101.67,98.71
-1,101.67,98.61
-1,101.68,98.51
-1,101.69,98.41
-1,101.69,98.3
-1,101.7,98.2
-1,101.71,98.1
-1,101.71,98
-1,101.72,97.89
-1,101.72,97.79
-1,101.73,97.69
-1,101.74,97.59
-1,101.74,97.48
-1,101.75,97.38
-1,101.76,97.28
-1,101.76,97.18
-1,101.77,97.08
-1,101.77,96.97
-1,101.78,96.87
-1,101.79,96.77
-1,101.79,96.67
-1,101.8,96.56
-1,101.81,96.46
-1,101.81,96.36
-1,101.82,96.26
-1,101.83,96.15
-1,101.83,96.05
-1,101.84,95.95
-1,101.84,95.85
-1,101.85,95.74
-1,101.86,95.64
-1,101.86,95.54
-1,101.87,95.44
-1,101.88,95.33
-1,101.88,95.23
-1,101.89,95.13
-1,101.89,95.03
-1,101.9,94.92
-1,101.91,94.82
-1,101.91,94.72
-1,101.92,94.62
-1,101.93,94.52
-1,101.93,94.41
-1,101.94,94.31
-1,101.95,94.21
-1,101.95,94.11
-1,101.96,94
-1,101.96,93.9
-1,101.97,93.8
-1,101.98,93.7
-1,101.98,93.59
-1,101.99,93.49
-1,102,93.39
-1,102,93.29
-1,102.01,93.18
-1,102.02,93.08
-1,102.02,92.98
-1,102.03,92.88
-1,102.03,92.77
-1,102.04,92.67
-1,102.05,92.57
-1,102.05,92.47
-1,102.06,92.36
-1,102.07,92.26
-1,102.07,92.16
-1,102.08,92.06
-1,102.08,91.96
-1,102.09,91.85
-1,102.1,91.75
-1,102.1,91.65
-1,102.11,91.55
-1,102.12,91.44
-1,102.12,91.34
-1,102.13,91.24
-1,102.14,91.14
-1,102.14,91.03
-1,102.15,90.93
-1,102.15,90.83
-1,102.16,90.73
-1,102.17,90.62
-1,102.17,90.52
-1,102.18,90.42
-1,102.19,90.32
-1,102.19,90.21
-1,102.2,90.11
-1,102.2,90.01
-1,102.21,89.91
-1,102.22,89.8
-1,102.22,89.7
-1,102.23,89.6
-1,102.24,89.5
-1,102.24,89.4
-1,102.25,89.29
-1,102.26,89.19
-1,102.26,89.09
-1,102.27,88.99
-1,102.27,88.88
-1,102.28,88.78
-1,102.29,88.68
-1,102.29,88.58
-1,102.3,88.47
-1,102.31,88.37
-1,102.31,88.27
-1,102.32,88.17
-1,102.32,88.06
-1,102.33,87.96
-1,102.34,87.86
-1,102.34,87.76
-1,102.35,87.65
-1,102.36,87.55
-1,102.36,87.45
-1,102.37,87.35
-1,102.38,87.24
-1,102.38,87.14
-1,102.39,87.04
-1,102.39,86.94
-1,102.4,86.84
-1,102.41,86.73
-1,102.41,86.63
-1,102.42,86.53
-1,102.43,86.43
-1,102.43,86.32
-1,102.44,86.22
-1,102.44,86.12
-1,102.45,86.02
7,102.46,85.91
7,102.55,85.81
7,102.63,85.71
7,102.72,85.61
7,102.8,85.5
7,102.89,85.4
7,102.97,85.3
7,103.06,85.2
7,103.14,85.09
7,103.23,84.99
7,103.32,84.89
7,103.4,84.79
7,103.49,84.68
7,103.57,84.58
7,103.66,84.48
7,103.74,84.38
7,103.83,84.28
7,103.92,84.17
7,104,84.07
7,104.09,83.97
7,104.17,83.87
7,104.26,83.76
7,104.34,83.66
7,104.43,83.56
7,104.51,83.46
7,104.6,83.35
7,104.69,83.25
7,104.77,83.15
7,104.86,83.05
7,104.94,82.94
7,105.03,82.84
7,105.11,82.74
7,105.2,82.64
7,105.29,82.53
7,105.37,82.43
7,105.46,82.33
7,105.54,82.23
7,105.63,82.12
7,105.71,82.02
7,105.8,81.92
7,105.88,81.82
7,105.97,81.72
7,106.06,81.61
7,106.14,81.51
7,106.23,81.41
7,106.31,81.31
7,106.4,81.2
7,106.48,81.1
7,106.57,81
7,106.66,80.9
7,106.74,80.79
7,106.83,80.69
7,106.91,80.59
7,107,80.49
7,107.08,80.38
7,107.17,80.28
7,107.25,80.18
7,107.34,80.08
7,107.43,79.97
7,107.51,79.87
7,107.6,79.77
7,107.68,79.67
7,107.77,79.56
7,107.85,79.46
7,107.94,79.36
7,108.03,79.26
7,108.11,79.16
7,108.2,79.05
7,108.28,78.95
7,108.37,78.85
7,108.45,78.75
7,108.54,78.64
7,108.62,78.54
7,108.71,78.44
7,108.8,78.34
7,108.88,78.23
7,108.97,78.13
7,109.05,78.03
7,109.14,77.93
7,109.22,77.82
7,109.31,77.72
7,109.4,77.62
7,109.48,77.52
7,109.57,77.41
7,109.65,77.31
7,109.74,77.21
7,109.82,77.11
7,109.91,77
7,109.99,76.9
7,110.08,76.8
7,110.17,76.7
7,110.25,76.6
7,110.34,76.49
7,110.42,76.39
7,110.51,76.29
7,110.59,76.19
7,110.68,76.08
7,110.76,75.98
7,110.85,75.88
7,110.94,75.78
7,111.02,75.67
7,111.11,75.57
7,111.19,75.47
7,111.28,75.37
7,111.36,75.26
7,111.45,75.16
7,111.54,75.06
7,111.62,74.96
7,111.71,74.85
7,111.79,74.75
7,111.88,74.65
7,111.96,74.55
7,112.05,74.44
7,112.13,74.34
7,112.22,74.24
7,112.31,74.14
7,112.39,74.04
7,112.48,73.93
7,112.56,73.83
7,112.65,73.73
7,112.73,73.63
7,112.82,73.52
7,112.91,73.42
7,112.99,73.32
7,113.08,73.22
7,113.16,73.11
7,113.25,73.01
7,113.33,72.91
7,113.42,72.81
7,113.5,72.7
7,113.59,72.6
7,113.68,72.5
7,113.76,72.4
7,113.85,72.29
7,113.93,72.19
7,114.02,72.09
7,114.1,71.99
7,114.19,71.88
7,114.28,71.78
7,114.36,71.68
7,114.45,71.58
7,114.53,71.48
7,114.62,71.37
7,114.7,71.27
7,114.79,71.17
7,114.87,71.07
7,114.96,70.96
7,115.05,70.86
7,115.13,70.76
7,115.22,70.66
7,115.3,70.55
7,115.39,70.45
7,115.47,70.35
7,115.56,70.25
7,115.65,70.14
7,115.73,70.04
7,115.82,69.94
7,115.9,69.84
7,115.99,69.73
7,116.07,69.63
7,116.16,69.53
7,116.24,69.43
7,116.33,69.32
7,116.42,69.22
7,116.5,69.12
7,116.59,69.02
7,116.67,68.92
7,116.76,68.81
7,116.84,68.71
7,116.93,68.61
7,117.02,68.51
7,117.1,68.4
7,117.19,68.3
7,117.27,68.2
7,117.36,68.1
7,117.44,67.99
7,117.53,67.89
7,117.61,67.79
7,117.7,67.69
7,117.79,67.58
7,117.87,67.48
7,117.96,67.38
7,118.04,67.28
7,118.13,67.17
7,118.21,67.07
7,118.3,66.97
7,118.39,66.87
7,118.47,66.76
7,118.56,66.66
7,118.64,66.56
7,118.73,66.46
7,118.81,66.36
7,118.9,66.25
7,118.98,66.15
7,119.07,66.05
7,119.16,65.95
7,119.24,65.84
7,119.33,65.74
7,119.41,65.64
7,119.5,65.54
7,119.58,65.43
7,119.67,65.33
7,119.75,65.23
7,119.84,65.13
7,119.93,65.02
7,120.01,64.92
7,120.1,64.82
7,120.18,64.72
7,120.27,64.61
7,120.35,64.51
7,120.44,64.41
7,120.53,64.31
7,120.61,64.2
7,120.7,64.1
7,120.78,64
7,120.87,63.9
7,120.95,63.8
7,121.04,63.69
7,121.12,63.59
7,121.21,63.49
7,121.3,63.39
7,121.38,63.28
7,121.47,63.18
7,121.55,63.08
7,121.64,62.98
7,121.72,62.87
7,121.81,62.77
7,121.9,62.67
7,121.98,62.57
7,122.07,62.46
7,122.15,62.36
7,122.24,62.26
7,122.32,62.16
7,122.41,62.05
7,122.49,61.95
7,122.58,61.85
7,122.67,61.75
7,122.75,61.64
7,122.84,61.54
7,122.92,61.44
7,123.01,61.34
7,123.09,61.24
7,123.18,61.13
7,123.27,61.03
7,123.35,60.93
7,123.44,60.83
7,123.52,60.72
7,123.61,60.62
7,123.69,60.52
7,123.78,60.42
7,123.86,60.31
7,123.95,60.21
7,124.04,60.11
7,124.12,60.01
7,124.21,59.9
7,124.29,59.8
7,124.38,59.7
7,124.46,59.6
7,124.55,59.49
7,124.64,59.39
7,124.72,59.29
7,124.81,59.19
7,124.89,59.08
7,124.98,58.98
7,125.06,58.88
7,125.15,58.78
7,125.23,58.68
7,125.32,58.57
7,125.41,58.47
7,125.49,58.37
7,125.58,58.27
7,125.66,58.16
7,125.75,58.06
7,125.83,57.96
7,125.92,57.86
7,126.01,57.75
7,126.09,57.65
7,126.18,57.55
7,126.26,57.45
7,126.35,57.34
7,126.43,57.24
7,126.52,57.14
7,126.6,57.04
7,126.69,56.93
7,126.78,56.83
7,126.86,56.73
7,126.95,56.63
7,127.03,56.52
7,127.12,56.42
7,127.2,56.32
7,127.29,56.22
7,127.37,56.12
7,127.46,56.01
7,127.55,55.91
7,127.63,55.81
7,127.72,55.71
7,127.8,55.6
7,127.89,55.5
7,127.97,55.4
7,128.06,55.3
7,128.15,55.19
7,128.23,55.09
7,128.32,54.99
7,128.4,54.89
7,128.49,54.78
7,128.57,54.68
7,128.66,54.58
7,128.74,54.48
7,128.83,54.37
7,128.92,54.27
7,129,54.17
7,129.09,54.07
7,129.17,53.96
7,129.26,53.86
7,129.34,53.76
7,129.43,53.66
7,129.52,53.56
7,129.6,53.45
7,129.69,53.35
7,129.77,53.25
7,129.86,53.15
7,129.94,53.04
7,130.03,52.94
7,130.11,52.84
7,130.2,52.74
7,130.29,52.63
7,130.37,52.53
7,130.46,52.43
7,130.54,52.33
7,130.63,52.22
7,130.71,52.12
7,130.8,52.02
7,130.89,51.92
7,130.97,51.81
7,131.06,51.71
7,131.14,51.61
7,131.23,51.51
7,131.31,51.4
7,131.4,51.3
7,131.48,51.2
7,131.57,51.1
7,131.66,51
7,131.74,50.89
7,131.83,50.79
7,131.91,50.69
7,132,50.59
7,132.08,50.48
7,132.17,50.38
7,132.26,50.28
7,132.34,50.18
7,132.43,50.07
7,132.51,49.97
7,132.6,49.87
7,132.68,49.77
7,132.77,49.66
7,132.85,49.56
7,132.94,49.46
7,133.03,49.36
7,133.11,49.25
7,133.2,49.15
7,133.28,49.05
7,133.37,48.95
7,133.45,48.84
7,133.54,48.74
7,133.63,48.64
7,133.71,48.54
7,133.8,48.44
7,133.88,48.33
7,133.97,48.23
7,134.05,48.13
7,134.14,48.03
7,134.22,47.92
7,134.31,47.82
7,134.4,47.72
7,134.48,47.62
7,134.57,47.51
7,134.65,47.41
7,134.74,47.31
7,134.82,47.21
7,134.91,47.1
7,134.99,47
7,135.08,46.9
7,135.17,46.8
7,135.25,46.69
7,135.34,46.59
7,135.42,46.49
7,135.51,46.39
7,135.59,46.28
7,135.68,46.18
7,135.77,46.08
7,135.85,45.98
7,135.94,45.88
7,136.02,45.77
7,136.11,45.67
7,136.19,45.57
7,136.28,45.47
7,136.36,45.36
7,136.45,45.26
7,136.54,45.16
7,136.62,45.06
7,136.71,44.95
7,136.79,44.85
7,136.88,44.75
7,136.96,44.65
7,137.05,44.54
7,137.14,44.44
7,137.22,44.34
7,137.31,44.24
7,137.39,44.13
7,137.48,44.03
7,137.56,43.93
7,137.65,43.83
7,137.73,43.72
7,137.82,43.62
7,137.91,43.52
7,137.99,43.42
7,138.08,43.32
7,138.16,43.21
7,138.25,43.11
7,138.33,43.01
7,138.42,42.91
7,138.51,42.8
7,138.59,42.7
7,138.68,42.6
7,138.76,42.5
7,138.85,42.39
7,138.93,42.29
7,139.02,42.19
7,139.1,42.09
7,139.19,41.98
7,139.28,41.88
7,139.36,41.78
7,139.45,41.68
7,139.53,41.57
7,139.62,41.47
7,139.7,41.37
7,139.79,41.27
7,139.88,41.16
7,139.96,41.06
7,140.05,40.96
7,140.13,40.86
7,140.22,40.76
7,140.3,40.65
7,140.39,40.55
7,140.47,40.45
7,140.56,40.35
7,140.65,40.24
7,140.73,40.14
7,140.82,40.04
7,140.9,39.94
7,140.99,39.83
7,141.07,39.73
7,141.16,39.63
7,141.25,39.53
7,141.33,39.42
7,141.42,39.32
7,141.5,39.22
7,141.59,39.12
7,141.67,39.01
7,141.76,38.91
7,141.84,38.81
7,141.93,38.71
7,142.02,38.6
7,142.1,38.5
7,142.19,38.4
7,142.27,38.3
7,142.36,38.2
7,142.44,38.09
7,142.53,37.99
7,142.62,37.89
7,142.7,37.79
7,142.79,37.68
7,142.87,37.58
7,142.96,37.48
7,143.04,37.38
7,143.13,37.27
7,143.21,37.17
7,143.3,37.07
7,143.39,36.97
7,143.47,36.86
7,143.56,36.76
7,143.64,36.66
7,143.73,36.56
7,143.81,36.45
7,143.9,36.35
7,143.98,36.25
7,144.07,36.15
7,144.16,36.04
7,144.24,35.94
7,144.33,35.84
7,144.41,35.74
7,144.5,35.64
7,144.58,35.53
7,144.67,35.43
7,144.76,35.33
7,144.84,35.23
7,144.93,35.12
7,145.01,35.02
7,145.1,34.92
7,145.18,34.82
7,145.27,34.71
7,145.35,34.61
7,145.44,34.51
7,145.53,34.41
7,145.61,34.3
7,145.7,34.2
7,145.78,34.1
7,145.87,34
7,145.95,33.89
7,146.04,33.79
7,146.13,33.69
7,146.21,33.59
7,146.3,33.48
7,146.38,33.38
7,146.47,33.28
7,146.55,33.18
7,146.64,33.08
7,146.72,32.97
7,146.81,32.87
7,146.9,32.77
7,146.98,32.67
7,147.07,32.56
7,147.15,32.46
7,147.24,32.36
7,147.32,32.26
7,147.41,32.15
7,147.5,32.05
7,147.58,31.95
7,147.67,31.85
7,147.75,31.74
7,147.84,31.64
7,147.92,31.54
7,148.01,31.44
7,148.09,31.33
7,148.18,31.23
7,148.27,31.13
7,148.35,31.03
7,148.44,30.92
7,148.52,30.82
7,148.61,30.72
7,148.69,30.62
7,148.78,30.52
7,148.87,30.41
7,148.95,30.31
7,149.04,30.21
7,149.12,30.11
7,149.21,30
7,149.29,29.9
7,149.38,29.8
7,149.46,29.7
7,149.55,29.59
7,149.64,29.49
7,149.72,29.39
7,149.81,29.29
7,149.89,29.18
7,149.98,29.08
7,150.06,28.98
7,150.15,28.88
7,150.24,28.77
7,150.32,28.67
7,150.41,28.57
7,150.49,28.47
7,150.58,28.36
7,150.66,28.26
7,150.75,28.16
7,150.83,28.06
7,150.92,27.96
7,151.01,27.85
7,151.09,27.75
7,151.18,27.65
7,151.26,27.55
7,151.35,27.44
7,151.43,27.34
7,151.52,27.24
7,151.6,27.14
7,151.69,27.03
7,151.78,26.93
7,151.86,26.83
7,151.95,26.73
7,152.03,26.62
7,152.12,26.52
7,152.2,26.42
7,152.29,26.32
7,152.38,26.21
7,152.46,26.11
7,152.55,26.01
7,152.63,25.91
7,152.72,25.8
7,152.8,25.7
7,152.89,25.6
7,152.97,25.5
7,153.06,25.4
7,153.15,25.29
7,153.23,25.19
7,153.32,25.09
7,153.4,24.99
7,153.49,24.88
7,153.57,24.78
7,153.66,24.68
7,153.75,24.58
7,153.83,24.47
7,153.92,24.37
7,154,24.27
7,154.09,24.17
7,154.17,24.06
7,154.26,23.96
7,154.34,23.86
7,154.43,23.76
7,154.52,23.65
7,154.6,23.55
7,154.69,23.45
7,154.77,23.35
7,154.86,23.24
7,154.94,23.14
7,155.03,23.04
7,155.12,22.94
7,155.2,22.84
7,155.29,22.73
7,155.37,22.63
7,155.46,22.53
7,155.54,22.43
7,155.63,22.32
7,155.71,22.22
7,155.8,22.12
7,155.89,22.02
7,155.97,21.91
7,156.06,21.81
7,156.14,21.71
7,156.23,21.61
7,156.31,21.5
7,156.4,21.4
7,156.49,21.3
7,156.57,21.2
7,156.66,21.09
7,156.74,20.99
7,156.83,20.89
7,156.91,20.79
7,157,20.68
7,157.08,20.58
7,157.17,20.48
7,157.26,20.38
7,157.34,20.28
7,157.43,20.17
7,157.51,20.07
7,157.6,19.97
7,157.68,19.87
7,157.77,19.76
7,157.86,19.66
7,157.94,19.56
7,158.03,19.46
7,158.11,19.35
7,158.2,19.25
7,158.28,19.15
7,158.37,19.05
7,158.45,18.94
7,158.54,18.84
7,158.63,18.74
7,158.71,18.64
7,158.8,18.53
7,158.88,18.43
7,158.97,18.33
7,159.05,18.23
7,159.14,18.12
7,159.23,18.02
7,159.31,17.92
7,159.4,17.82
7,159.48,17.72
7,159.57,17.61
7,159.65,17.51
7,159.74,17.41
7,159.82,17.31
7,159.91,17.2
7,160,17.1
7,160.08,17
7,160.17,16.9
7,160.25,16.79
7,160.34,16.69
7,160.42,16.59
7,160.51,8.94
7,160.59,8.83
7,160.68,8.73
7,160.77,8.63
7,160.85,8.53
7,160.94,8.42
7,161.02,8.32
7,161.11,8.22
7,161.19,8.12
7,161.28,8.01
7,161.37,7.91
7,161.45,7.81
7,161.54,7.71
7,161.62,7.61
7,161.71,7.5
7,161.79,7.4
7,161.88,7.3
7,161.96,7.2
7,162.05,7.09
7,162.14,6.99
7,162.22,6.89
7,162.31,6.79
7,162.39,6.68
7,162.48,6.58
7,162.56,6.48
7,162.65,6.38
7,162.74,6.27
7,162.82,6.17
7,162.91,6.07
7,162.99,5.97
7,163.08,5.86
7,163.16,5.76
7,163.25,5.66
7,163.33,5.56
7,163.42,5.45
7,163.51,5.35
7,163.59,5.25
7,163.68,5.15
7,163.76,5.05
7,163.85,4.94
7,163.93,4.84
7,164.02,4.74
7,164.11,4.64
7,164.19,4.53
7,164.28,4.43
7,164.36,4.33
7,164.45,4.23
7,164.53,4.12
7,164.62,4.02
7,164.7,3.92
7,164.79,3.82
7,164.88,3.71
7,164.96,3.61
7,165.05,3.51
7,165.13,3.41
7,165.22,3.3
7,165.3,3.2
7,165.39,3.1
7,165.48,3
7,165.56,2.89
7,165.65,2.79
7,165.73,2.69
7,165.82,2.59
7,165.9,2.49
7,165.99,2.38
7,166.07,2.28
7,166.16,2.18
7,166.25,2.08
7,166.33,1.97
7,166.42,1.87
7,166.5,1.77
7,166.59,1.67
7,166.67,1.56
7,166.76,1.46
7,166.85,1.36
7,166.93,1.26
7,167.02,1.15
7,167.1,1.05
7,167.19,0.95
7,167.27,0.85
7,167.36,0.74
7,167.44,0.64
7,167.53,0.54
7,168.28,0.44
7,168.28,0.33
7,168.28,0.23
7,168.28,0.13
#MOTOR_B1
-1,100,0
-1,100,0
-1,100,0
-1,100,0
-1,100,0
-1,100,0
-1,100,0
-1,100,0
-1,100,0
-1,100,0
-1,100,0
-1,100,0
-1,100,0
-1,100,0
-1,100,0
-1,100,0
-1,100,0
-1,100,0
-1,100,0
-1,100,0
-1,100,0
-1,75.77,0
-1,75.8,0
-1,75.83,0
-1,75.86,0
-1,75.88,0
-1,75.91,0
-1,75.94,0
-1,75.97,0
-1,76,0
-1,76.03,0
-1,76.05,0
-1,76.08,0
-1,76.11,0
-1,76.14,0
-1,76.17,0
-1,76.19,0
-1,76.22,0
-1,76.25,0
-1,76.28,0
-1,76.31,0
-1,76.33,0
-1,76.36,0
-1,76.39,0
-1,76.42,0
-1,76.45,0
-1,76.47,0
-1,76.5,0
-1,76.53,0
-1,76.56,0
-1,76.59,0
-1,76.62,0
-1,76.64,0
-1,76.67,0
-1,76.7,0
-1,76.73,0
-1,76.76,0
-1,76.78,0
-1,76.81,0
-1,76.84,128
-1,76.87,128
-1,76.9,128
-1,76.92,254.9
-1,76.95,254.9
-1,76.96,254.9
-1,76.98,254.9
-1,76.99,254.9
-1,77,254.9
-1,77.02,254.91
-1,77.03,254.91
-1,77.04,254.91
-1,77.06,254.91
-1,77.07,254.91
-1,77.08,254.91
-1,77.09,254.91
-1,77.11,254.91
-1,77.12,254.91
-1,77.13,254.91
-1,77.15,254.91
-1,77.16,254.92
-1,77.17,254.92
-1,77.19,254.92
-1,77.2,254.92
-1,77.21,254.92
-1,77.23,254.92
-1,77.24,254.92
-1,77.25,254.92
-1,77.27,254.92
-1,77.28,254.92
-1,77.29,254.93
-1,77.31,254.93
-1,77.32,254.93
-1,77.33,254.93
-1,77.35,254.93
-1,77.36,254.93
-1,77.37,254.93
-1,77.38,254.93
-1,77.4,254.93
-1,77.41,254.93
-1,77.42,254.93
-1,77.44,254.94
-1,77.45,254.94
-1,77.46,254.94
-1,77.48,254.94
2,77.49,254.94
2,79.13,254.94
2,80.78,254.94
2,82.42,254.94
2,84.07,254.94
2,85.71,254.94
2,87.36,254.94
2,89,254.95
2,90.65,254.95
2,92.29,254.95
2,93.94,254.95
2,95.58,254.95
2,97.23,254.95
2,98.87,254.95
2,98.85,254.95
2,98.83,254.95
2,98.81,254.95
2,98.79,254.96
2,98.77,254.96
2,98.75,254.96
2,98.74,254.96
2,98.72,254.96
2,98.7,254.96
2,98.68,254.96
2,98.66,254.96
2,98.64,254.96
2,98.62,254.96
2,98.6,254.96
2,98.58,254.97
2,98.56,254.97
2,98.54,254.97
2,98.52,254.97
2,98.5,254.97
2,98.48,254.97
2,98.46,254.97
2,98.44,254.97
2,98.42,254.97
2,98.4,254.97
2,98.39,254.97
2,98.37,254.98
2,98.35,254.98
2,98.33,254.98
2,98.31,254.98
2,98.29,254.98
2,98.27,254.98
2,98.25,254.98
2,98.23,254.98
2,98.21,254.98
2,98.22,254.98
2,98.22,254.99
2,98.23,254.99
2,98.24,254.99
2,98.25,254.99
2,98.25,254.99
2,98.26,254.99
2,98.27,254.99
2,98.28,254.99
2,98.28,254.99
2,98.29,254.99
2,98.3,254.99
2,98.31,255
2,98.31,255
2,98.32,255
2,98.33,255
2,98.34,255
2,98.34,255
2,98.35,255
2,98.36,255
2,98.36,255
2,98.37,255
2,98.38,255
2,98.39,255.01
2,98.39,255.01
2,98.4,255.01
2,98.41,255.01
2,98.42,255.01
2,98.42,255.01
2,98.43,255.01
2,98.44,255.01
2,98.45,255.01
2,98.45,255.01
2,98.46,255.02
2,98.47,255.02
2,98.47,255.02
2,98.48,255.02
2,98.49,255.02
2,98.5,255.02
2,98.5,255.02
2,98.51,255.02
2,98.52,255.02
2,98.53,255.02
2,98.53,255.02
2,98.54,255.03
2,98.55,255.03
2,98.56,255.03
2,98.56,255.03
2,98.57,255.03
2,98.58,255.03
2,98.59,255.03
2,98.59,255.03
2,98.6,255.03
2,98.61,255.03
2,98.61,255.03
2,98.62,255.04
2,98.63,255.04
2,98.64,255.04
2,98.64,255.04
2,98.65,255.04
2,98.66,255.04
2,98.67,255.04
2,98.67,255.04
2,98.68,255.04
6,113.33,255.18
6,113.68,255.18
6,114,255.18
6,114.32,255.18
6,114.65,255.18
6,114.97,255.18
6,115.29,255.19
6,115.61,255.19
6,115.93,255.19
6,116.25,255.19
6,116.57,255.19
6,116.89,255.19
6,117.22,255.19
6,117.54,255.19
6,117.86,255.19
6,118.18,255.19
6,118.5,255.2
6,118.82,255.2
6,119.14,255.2
6,119.46,255.2
6,119.78,255.2
6,120.11,255.2
6,120.43,255.2
6,120.75,255.2
6,121.07,255.2
6,121.39,255.2
6,121.71,255.2
6,122.03,255.21
6,122.35,255.21
6,122.67,255.21
6,123,255.21
6,123.32,255.21
6,123.64,255.21
6,123.96,255.21
6,124.28,255.21
6,124.6,255.21
6,124.92,255.21
6,125.24,255.21
6,125.57,255.22
6,125.89,255.22
6,126.21,255.22
6,126.53,255.22
6,126.85,255.22
6,127.17,255.22
6,127.49,255.22
6,127.81,255.22
6,128.13,255.22
6,128.46,255.22
6,128.78,255.23
6,129.1,255.23
6,129.42,255.23
6,129.74,255.23
6,130.06,255.23
6,130.38,255.23
6,130.7,255.23
6,131.02,255.23
6,131.35,255.23
6,131.67,255.23
6,131.99,255.23
6,132.31,255.24
6,132.63,255.24
6,132.95,255.24
6,133.27,255.24
6,133.59,255.24
6,133.92,255.24
6,134.24,255.24
6,134.56,255.24
6,134.88,255.24
6,135.2,255.24
6,88.56,255.24
6,88.7,255.25
6,88.85,255.25
6,88.98,255.25
6,89.12,255.25
6,89.25,255.25
6,89.38,255.25
6,89.52,255.25
6,89.65,255.25
6,89.78,255.25
6,89.92,255.25
6,90.05,255.26
6,90.18,255.26
6,90.32,255.26
6,90.45,255.26
6,90.58,255.26
6,90.72,255.26
6,90.85,255.26
6,90.98,255.26
6,91.12,255.26
6,91.25,255.26
6,91.38,255.26
6,91.52,255.27
6,91.65,255.27
6,91.78,255.27
6,91.92,255.27
6,92.05,255.27
6,92.18,255.27
6,92.32,255.27
6,92.45,255.27
6,92.58,255.27
6,92.71,255.27
6,92.85,255.27
6,92.98,255.28
6,93.11,255.28
6,93.25,255.28
6,93.38,255.28
6,93.51,255.28
6,93.65,255.28
6,93.78,255.28
6,93.91,255.28
6,94.05,255.28
6,94.18,255.28
6,94.31,255.29
6,94.45,255.29
6,94.58,255.29
6,94.71,255.29
6,94.85,255.29
6,94.98,255.29
6,95.11,255.29
6,95.25,255.29
6,95.38,255.29
6,95.51,255.29
6,95.65,255.29
6,95.78,255.3
6,95.91,255.3
6,96.05,255.3
6,96.18,255.3
6,96.31,255.3
6,96.45,255.3
6,96.58,255.3
6,96.71,255.3
6,96.85,255.3
6,96.98,255.3
6,97.11,255.3
6,97.25,255.31
6,97.38,255.31
6,97.51,255.31
6,97.65,255.31
6,97.78,255.31
6,97.91,255.31
6,98.05,255.31
6,98.18,255.31
6,98.31,255.31
6,98.45,255.31
6,98.58,255.32
6,98.71,255.32
6,98.85,255.32
6,98.98,255.32
6,99.11,255.32
6,99.25,255.32
6,99.38,255.32
6,99.51,255.32
6,99.64,255.32
6,99.78,255.32
6,99.91,255.32
6,100.04,255.33
6,100.18,255.33
6,100.31,255.33
6,100.44,255.33
6,100.58,255.33
6,100.71,255.33
6,100.84,255.33
6,100.98,255.33
6,101.11,255.33
6,101.24,255.33
6,101.38,255.33
6,101.51,255.34
6,101.64,255.34
6,101.78,255.34
6,101.91,255.34
6,102.04,255.34
6,102.18,255.34
6,102.31,255.34
6,102.44,255.34
6,102.58,255.34
6,102.71,255.34
6,102.84,255.35
6,102.98,255.35
6,103.11,255.35
6,103.24,255.35
6,103.38,255.35
6,103.51,255.35
6,103.64,255.35
6,103.78,255.35
6,103.91,255.35
6,104.04,255.35
6,104.18,255.35
6,104.31,255.36
6,104.44,255.36
6,104.58,255.36
6,104.71,255.36
6,104.84,255.36
6,104.98,255.36
6,105.11,255.36
6,105.24,255.36
6,105.38,255.36
6,105.51,255.36
6,105.64,255.36
6,105.78,255.37
6,105.91,255.37
6,106.04,255.37
6,106.18,255.37
6,106.31,255.37
6,106.44,255.37
6,106.57,255.37
6,106.71,255.37
6,106.84,255.37
6,106.97,255.37
6,107.11,255.38
6,107.24,255.38
6,107.37,255.38
6,107.51,255.38
6,107.64,255.38
6,107.77,255.38
6,107.91,255.38
6,108.04,255.38
6,108.17,255.38
6,108.31,255.38
6,108.44,255.38
6,108.57,255.39
6,108.71,255.39
6,108.84,255.39
6,108.97,255.39
6,109.11,255.39
6,109.24,255.39
6,109.37,255.39
6,109.51,255.39
6,109.64,255.39
6,109.77,255.39
6,109.91,255.39
6,110.04,255.4
6,110.17,255.4
6,110.31,255.4
6,110.44,255.4
6,110.57,255.4
6,110.71,255.4
6,110.84,255.4
6,110.97,255.4
6,111.11,255.4
6,111.24,255.4
6,111.37,255.41
6,111.51,255.41
6,111.64,255.41
6,111.77,255.41
6,111.91,255.41
6,112.04,255.41
6,112.17,255.41
6,112.31,255.41
6,112.44,255.41
6,112.57,255.41
6,112.71,255.41
6,112.84,255.42
6,112.97,255.42
6,113.11,255.42
6,113.24,255.42
6,113.37,255.42
6,113.5,255.42
6,113.64,255.42
6,113.77,255.42
6,113.9,255.42
6,114.04,255.42
6,114.17,255.42
6,114.3,255.43
6,114.44,255.43
6,114.57,255.43
6,114.7,255.43
6,114.84,255.43
6,114.97,255.43
6,115.1,255.43
6,115.24,255.43
6,115.37,255.43
6,115.5,255.43
6,115.64,255.44
6,115.77,255.44
6,115.9,255.44
6,116.04,255.44
6,116.17,255.44
6,116.3,255.44
6,116.44,255.44
6,116.57,255.44
6,116.7,255.44
6,116.84,255.44
6,116.97,255.44
6,117.1,255.45
6,117.24,255.45
6,117.37,255.45
6,117.5,255.45
6,117.64,255.45
6,117.77,255.45
6,117.9,255.45
6,118.04,255.45
6,118.17,255.45
6,118.3,255.45
6,118.44,255.45
6,118.57,255.46
6,118.7,255.46
6,118.84,255.46
6,118.97,255.46
6,119.1,255.46
6,119.24,255.46
6,119.37,255.46
6,119.5,255.46
6,119.64,255.46
6,119.77,255.46
6,119.9,255.47
6,120.04,255.47
6,120.17,255.47
6,120.3,255.47
6,120.43,255.47
6,120.57,255.47
6,120.7,255.47
6,120.83,255.47
6,120.97,255.47
6,121.1,255.47
6,121.23,255.47
6,121.37,255.48
6,121.5,255.48
6,121.63,255.48
6,121.77,255.48
6,121.9,255.48
6,122.03,255.48
6,122.17,255.48
6,122.3,255.48
6,122.43,255.48
6,122.57,255.48
6,122.7,255.48
6,122.83,255.49
6,122.97,255.49
6,123.1,255.49
6,123.23,255.49
6,123.37,255.49
6,123.5,255.49
6,123.63,255.49
6,123.77,255.49
6,123.9,255.49
6,124.03,255.49
6,124.17,255.5
6,124.3,255.5
6,124.43,255.5
6,124.57,255.5
6,124.7,255.5
6,124.83,255.5
6,124.97,255.5
6,125.1,255.5
6,125.23,255.5
6,125.37,255.5
6,125.5,255.5
6,125.63,255.51
6,125.77,255.51
6,125.9,255.51
6,126.03,255.51
6,126.17,255.51
6,126.3,255.51
6,126.43,254.54
6,126.57,253.58
6,126.7,253.25
6,126.83,252.92
6,126.97,252.59
6,127.1,252.26
6,127.23,251.93
6,127.36,251.6
6,127.5,251.26
6,127.63,250.93
6,127.76,250.6
6,127.9,250.27
6,128.03,249.94
6,128.16,249.61
6,128.3,249.28
6,128.43,248.95
6,128.56,248.62
6,128.7,248.29
6,128.83,247.96
6,128.96,247.63
6,129.1,247.29
6,129.23,246.96
6,129.36,246.63
6,129.5,246.3
6,129.63,245.97
6,129.76,245.64
6,129.9,245.31
6,130.03,244.98
6,130.16,244.65
6,130.3,244.32
6,130.43,243.99
6,130.56,243.66
6,130.7,243.32
6,130.83,242.99
6,130.96,242.66
6,131.1,242.33
6,131.23,242
6,131.36,241.67
6,131.5,241.34
6,131.63,241.01
6,131.76,240.68
6,131.9,240.35
6,132.03,240.02
6,132.16,239.69
6,132.3,239.35
6,132.43,239.02
6,132.56,238.69
6,132.7,238.36
6,132.83,238.03
6,132.96,237.7
6,133.1,237.37
6,133.23,237.04
6,133.36,236.71
6,133.5,236.38
6,133.63,236.05
6,133.76,235.72
6,133.9,235.38
6,134.03,235.05
6,134.16,234.72
6,134.29,234.39
6,134.43,234.06
6,134.56,233.73
6,134.69,233.4
6,134.83,233.07
6,134.96,232.74
6,135.09,232.41
6,135.23,232.08
6,135.36,231.75
6,135.49,231.42
6,135.63,231.08
6,135.76,230.75
6,135.89,230.42
6,136.03,230.09
6,136.16,229.76
6,136.29,229.43
6,136.43,229.1
6,136.56,228.77
6,136.69,228.44
6,136.83,228.11
6,136.96,227.78
6,137.09,227.45
6,137.23,227.11
6,137.36,226.78
6,137.49,226.45
6,137.63,226.12
6,137.76,225.79
6,137.89,225.46
6,138.03,225.13
6,138.16,224.8
6,138.29,224.47
6,138.43,224.14
6,138.56,223.81
6,138.69,223.48
6,138.83,223.14
6,138.96,222.81
6,139.09,222.48
6,139.23,222.15
6,139.36,221.82
6,139.49,221.49
6,139.63,221.16
6,139.76,220.83
6,139.89,220.5
6,140.03,220.17
6,140.16,219.84
6,140.29,219.51
6,140.43,219.17
6,140.56,218.84
6,140.69,218.51
6,140.83,218.18
6,140.96,217.85
6,141.09,217.52
6,141.22,217.19
6,141.36,216.86
6,141.49,216.53
6,141.62,216.2
6,141.76,215.87
6,141.89,215.54
6,142.02,215.2
6,142.16,214.87
6,142.29,214.54
6,142.42,214.21
6,142.56,213.88
6,142.69,213.55
6,142.82,213.22
6,142.96,212.89
6,143.09,212.56
6,143.22,212.23
6,143.36,211.9
6,143.49,211.57
6,143.62,211.23
6,143.76,210.9
6,143.89,210.57
6,144.02,210.24
6,144.16,209.91
6,144.29,209.58
6,144.42,209.25
6,144.56,208.92
6,144.69,208.59
6,144.82,208.26
6,144.96,207.93
6,145.09,207.6
6,145.22,207.27
6,145.36,206.93
6,145.49,206.6
6,145.62,206.27
6,145.76,205.94
6,145.89,205.61
6,146.02,205.28
6,146.16,204.95
6,146.29,204.62
6,146.42,204.29
6,146.56,203.96
6,146.69,203.63
6,146.82,203.3
6,146.96,202.96
6,147.09,202.63
6,147.22,202.3
6,147.36,201.97
6,147.49,201.64
6,147.62,201.31
6,147.76,200.98
6,147.89,200.65
6,148.02,200.32
6,148.15,199.99
6,148.29,199.66
6,148.42,199.33
6,148.55,198.99
6,148.69,198.66
6,148.82,198.33
6,148.95,198
6,149.09,197.67
6,149.22,197.34
6,149.35,197.01
6,149.49,196.68
6,149.62,196.35
6,149.75,196.02
6,149.89,195.69
6,150.02,195.36
6,150.15,195.02
6,150.29,194.69
6,150.42,194.36
6,150.55,194.03
6,150.69,193.7
6,150.82,193.37
6,150.95,193.04
6,151.09,192.71
6,151.22,192.38
6,151.35,192.05
6,151.49,191.72
6,151.62,191.39
6,151.75,191.05
6,151.89,190.72
6,152.02,190.39
6,152.15,190.06
6,152.29,189.73
6,152.42,189.4
6,152.55,189.07
6,152.69,188.74
6,152.82,188.41
6,152.95,188.08
6,153.09,187.75
6,153.22,187.42
6,153.35,187.09
6,153.49,186.75
6,153.62,186.42
6,153.75,186.09
6,153.89,185.76
6,154.02,185.43
6,154.15,185.1
6,154.29,184.77
6,154.42,184.44
6,154.55,184.11
6,154.69,183.78
6,154.82,183.45
6,154.95,183.12
6,155.08,182.78
6,155.22,182.45
6,155.35,182.12
6,155.48,181.79
6,155.62,181.46
6,155.75,181.13
6,155.88,180.8
6,156.02,180.47
6,156.15,180.14
6,156.28,179.81
6,156.42,179.48
6,156.55,179.15
6,156.68,178.81
6,156.82,178.48
6,156.95,178.15
6,157.08,177.82
6,157.22,177.49
6,157.35,177.16
6,157.48,176.83
6,157.62,176.5
6,157.75,176.17
6,157.88,175.84
6,158.02,175.51
6,158.15,175.18
6,158.28,174.84
6,158.42,174.51
6,158.55,174.18
6,158.68,173.85
6,158.82,173.52
6,158.95,173.19
6,159.08,172.86
6,159.22,172.53
6,159.35,172.2
6,159.48,171.87
6,159.62,171.54
6,159.75,171.21
6,159.88,170.87
6,160.02,170.54
6,160.15,170.21
6,160.28,169.88
6,160.42,169.55
6,160.55,169.22
6,160.68,168.89
6,160.82,168.56
6,160.95,168.23
6,161.08,167.9
6,161.22,167.57
6,161.35,167.24
6,161.48,166.91
6,161.62,166.57
6,161.75,166.24
6,161.88,165.91
6,162.01,165.58
6,162.15,165.25
6,162.28,164.92
6,162.41,164.59
6,162.55,164.26
6,162.68,163.93
6,162.81,163.6
6,162.95,163.27
6,163.08,162.94
6,163.21,162.6
6,163.35,162.27
6,163.48,161.94
6,163.61,161.61
6,163.75,161.28
6,163.88,160.95
6,164.01,160.62
6,164.15,160.29
6,164.28,159.96
6,164.41,159.63
6,164.55,159.3
6,164.68,158.97
6,164.81,158.63
6,164.95,158.3
6,165.08,157.97
6,165.21,157.64
6,165.35,157.31
6,165.48,156.98
6,165.61,156.65
6,165.75,156.32
6,165.88,155.99
6,166.01,155.66
6,166.15,155.33
6,166.28,155
6,166.41,154.66
6,166.55,154.33
6,166.68,154
6,166.81,153.67
6,166.95,153.34
6,167.08,153.01
6,167.21,152.68
6,167.35,152.35
6,167.48,152.02
6,167.61,151.69
6,167.75,151.36
6,167.88,151.03
6,168.01,150.69
6,168.15,150.36
6,168.28,150.03
6,168.41,149.7
6,168.55,149.37
6,168.68,149.04
6,168.81,148.71
6,168.94,148.38
6,169.08,148.05
6,169.21,147.72
6,169.34,147.39
6,169.48,147.06
6,169.61,146.72
6,169.74,146.39
6,169.88,146.06
6,170.01,145.73
6,170.14,145.4
6,170.28,145.07
6,170.41,144.74
6,170.54,144.41
6,170.68,144.08
6,170.81,143.75
6,170.94,143.42
6,171.08,143.09
6,171.21,142.76
6,171.34,142.42
6,171.48,142.09
6,171.61,141.76
6,171.74,141.43
6,171.88,141.1
6,172.01,140.77
6,172.14,140.44
6,172.28,140.11
6,172.41,139.78
6,172.54,139.45
6,172.68,139.12
6,172.81,138.79
6,172.94,138.45
6,173.08,138.12
6,173.21,137.79
6,173.34,137.46
6,173.48,137.13
6,173.61,136.8
6,173.74,136.47
6,173.88,136.14
6,174.01,135.81
6,174.14,135.48
6,174.28,135.15
6,174.41,134.82
6,174.54,134.48
6,174.68,134.15
6,174.81,133.82
6,174.94,133.49
6,175.08,133.16
6,175.21,132.83
6,175.34,132.5
6,175.48,132.17
6,175.61,131.84
6,175.74,131.51
6,175.87,131.18
6,176.01,130.85
6,176.14,130.51
6,176.27,130.18
6,176.41,129.85
6,176.54,129.52
6,176.67,129.19
6,176.81,128.86
6,176.94,128.53
6,177.07,128.22
6,177.21,127.91
6,177.34,127.6
6,177.47,127.29
6,177.61,126.97
6,177.74,126.66
6,177.87,126.35
6,178.01,126.04
6,178.14,125.73
6,178.27,125.42
6,178.41,125.11
6,178.54,124.8
6,178.67,124.49
6,178.81,124.18
6,178.94,123.86
6,179.07,123.55
6,179.21,123.24
6,179.34,122.93
6,179.47,122.62
6,179.6,122.31
6,179.73,122
6,179.86,121.69
6,179.99,121.38
6,180.12,121.07
6,180.25,120.75
6,180.38,120.44
6,180.51,120.13
6,180.64,119.82
6,180.77,119.51
6,180.9,119.2
6,181.03,118.89
6,181.16,118.58
6,181.29,118.27
6,181.42,117.96
6,181.55,117.64
6,181.68,117.33
6,181.81,117.02
6,181.94,116.71
6,182.07,116.4
6,182.2,116.09
6,182.33,115.78
6,182.46,115.47
6,182.59,115.16
6,182.72,114.85
6,182.85,114.53
6,182.98,114.22
6,183.11,113.91
6,183.24,113.6
6,183.37,113.29
6,183.5,112.98
6,183.63,112.67
6,183.76,112.36
6,183.89,112.05
6,184.02,111.73
6,184.15,111.42
6,184.28,111.11
6,184.41,110.8
6,184.54,110.49
6,184.67,110.18
6,184.8,109.87
6,184.93,109.56
6,185.06,109.25
6,185.19,108.94
6,185.32,108.62
6,185.45,108.31
6,185.58,108
6,185.71,107.69
6,185.84,107.38
6,185.97,107.07
6,186.1,106.76
6,186.23,106.45
6,186.36,106.14
6,186.49,105.83
6,186.62,105.51
6,186.75,105.2
6,186.88,104.89
6,187.01,104.58
6,187.14,104.27
6,187.27,103.96
6,187.4,103.65
6,187.53,103.34
6,187.66,103.03
6,187.79,102.72
6,187.92,102.4
6,188.05,102.09
6,188.19,101.78
6,188.32,101.47
6,188.45,101.16
6,188.58,100.85
6,188.71,100.54
6,188.84,100.23
6,188.97,99.92
6,189.1,99.61
6,189.23,99.29
6,189.36,98.98
6,189.49,98.67
6,189.62,98.36
6,189.75,98.05
6,189.88,97.74
6,190.01,97.43
6,190.14,97.12
6,190.27,96.81
6,190.4,96.5
6,190.53,96.18
6,190.66,95.87
6,190.79,95.56
6,190.92,95.25
6,191.05,94.94
6,191.18,94.63
6,191.31,94.32
6,191.44,94.01
6,191.57,93.7
6,191.7,93.38
6,191.83,93.07
6,191.96,92.76
6,192.09,92.45
6,192.22,92.14
6,192.35,91.83
6,192.48,91.52
6,192.61,91.21
6,192.74,90.9
6,192.87,90.59
6,193,90.27
6,193.13,89.96
6,193.26,89.65
6,193.39,89.34
6,193.52,89.03
6,193.65,88.72
6,193.78,88.41
6,193.91,88.1
6,194.04,87.79
6,194.17,87.48
6,194.3,87.16
6,194.43,86.85
6,194.56,86.54
6,194.69,86.23
6,194.82,85.92
6,194.95,85.61
6,195.08,85.3
6,195.21,84.99
6,195.34,84.68
6,195.47,84.37
6,195.6,84.05
6,195.73,83.74
6,195.86,83.43
6,195.99,83.12
6,196.12,82.81
6,196.25,82.5
6,196.38,82.19
6,196.51,81.88
6,196.64,81.57
6,196.77,81.26
6,196.9,80.94
6,197.03,80.63
6,197.16,80.32
6,197.29,80.01
6,197.42,79.7
6,197.55,79.39
6,197.68,79.08
6,197.81,78.77
6,197.94,78.46
6,198.07,78.15
6,198.2,77.83
6,198.33,77.52
6,198.46,77.21
6,198.59,76.9
6,198.72,76.59
6,198.85,76.28
6,198.98,75.97
6,199.11,75.66
6,199.24,75.35
6,199.37,75.03
6,199.5,74.72
6,199.63,74.41
6,199.76,74.1
6,199.89,73.79
6,200.02,73.48
6,200.15,73.17
6,200.28,72.86
6,200.41,72.55
6,200.54,72.24
6,200.67,71.92
6,200.8,71.61
6,200.93,71.3
6,201.06,70.99
6,201.19,70.68
6,201.32,70.37
6,201.45,70.06
6,201.58,69.75
6,201.71,69.44
6,201.84,69.13
6,201.97,68.81
6,202.1,68.5
6,202.23,68.19
6,202.36,67.88
6,202.49,67.57
6,202.62,67.26
6,202.75,66.95
6,202.88,66.64
6,203.01,66.33
6,203.14,66.02
6,203.27,65.7
6,203.4,65.39
6,203.53,65.08
6,203.66,64.77
6,203.79,64.46
6,203.92,64.15
6,204.05,63.84
6,204.18,63.53
6,204.31,63.22
6,204.44,62.91
6,204.57,62.59
6,204.7,62.28
6,204.83,61.97
6,204.96,61.66
6,205.09,61.35
6,205.22,61.04
6,205.35,60.73
6,205.48,60.42
6,205.61,60.11
6,205.74,59.8
6,205.88,59.48
6,206.01,59.17
6,206.14,58.86
6,206.27,58.55
6,206.4,58.24
6,206.53,57.93
6,206.66,57.62
6,206.79,57.31
6,206.92,57
6,207.05,56.69
6,207.18,56.37
6,207.31,56.06
6,207.44,55.75
6,207.57,55.44
6,207.7,55.13
6,207.83,54.82
6,207.96,54.51
6,208.09,54.2
6,208.22,53.89
6,208.35,53.57
6,208.48,53.26
6,208.61,52.95
6,208.74,52.64
6,208.87,52.33
6,209,52.02
6,209.13,51.71
6,209.26,51.4
6,209.39,51.09
6,209.52,50.78
6,209.65,50.46
6,209.78,50.15
6,209.91,49.84
6,210.04,49.53
6,210.17,49.22
6,210.3,48.91
6,210.43,48.6
6,210.56,48.29
6,210.69,47.98
6,210.82,47.67
6,210.95,47.35
6,211.08,47.04
6,211.21,46.73
6,211.34,46.42
6,211.47,46.11
6,211.6,45.8
6,211.73,45.49
6,211.86,45.18
6,211.99,44.87
6,212.12,44.56
6,212.25,44.24
6,212.38,43.93
6,212.51,43.62
6,212.64,43.31
6,212.77,43
6,212.9,42.69
6,213.03,42.38
6,213.16,42.07
6,213.29,41.76
6,213.42,41.45
6,213.55,41.13
6,213.68,40.82
6,213.81,40.51
6,213.94,40.2
6,214.07,39.89
6,214.2,39.58
6,214.33,39.27
6,214.46,38.96
6,214.59,38.65
6,214.72,38.34
6,214.85,38.02
6,214.98,37.71
6,215.11,37.4
6,215.24,37.09
6,215.37,36.78
6,215.5,36.47
6,215.63,36.16
6,215.76,35.85
6,215.89,35.54
6,216.02,35.22
6,216.15,34.91
6,216.28,34.6
6,216.41,34.29
6,216.54,33.98
6,216.67,33.67
6,216.8,33.36
6,216.93,33.05
6,217.06,32.74
6,217.19,32.43
6,217.32,32.11
6,217.45,31.8
6,217.58,31.49
6,217.71,31.18
6,217.84,30.87
6,217.97,30.56
6,218.1,30.25
6,218.23,29.94
6,218.36,29.63
6,218.49,29.32
6,218.62,29
6,218.75,28.69
6,218.88,28.38
6,219.01,28.07
6,219.14,27.76
6,219.27,27.45
6,219.4,27.14
6,219.53,26.83
6,219.66,26.52
6,219.79,26.21
6,219.92,25.89
6,220.05,25.58
6,220.18,25.27
6,220.31,24.96
6,220.44,24.65
6,220.57,24.34
6,220.7,24.03
6,220.83,23.72
6,220.96,23.41
6,221.09,23.1
6,221.22,22.78
6,221.35,22.47
6,221.48,22.16
6,221.61,21.85
6,221.74,21.54
6,221.87,21.23
6,222,20.92
6,222.13,20.61
6,222.26,20.3
6,222.39,19.99
6,222.52,19.67
6,222.65,19.36
6,222.78,19.05
6,222.91,18.74
6,223.04,18.43
6,223.17,18.12
6,223.3,17.81
6,223.44,17.5
6,223.57,17.19
6,223.7,16.87
6,223.83,16.56
6,223.96,16.25
6,224.09,15.94
6,224.22,15.63
6,224.35,15.32
6,224.48,15.01
6,224.61,14.7
6,224.74,14.39
6,224.87,14.08
6,225,13.76
6,225.13,13.45
6,225.26,13.14
6,225.39,12.83
6,225.52,12.52
6,225.65,12.21
6,225.78,11.9
6,225.91,11.59
6,226.04,11.28
6,226.17,10.97
6,226.3,10.65
6,226.43,10.34
6,226.56,10.03
6,226.69,9.72
6,226.82,9.41
6,226.95,9.1
6,227.08,8.79
6,227.21,8.48
6,227.34,8.17
6,227.47,7.86
6,227.6,7.54
6,227.73,7.23
6,227.86,6.92
6,227.99,6.61
6,228.12,6.3
6,228.25,5.99
6,228.38,5.68
6,228.51,5.37
6,228.64,5.06
6,228.77,4.75
6,228.9,4.43
6,229.03,4.12
6,229.16,3.81
6,229.29,3.5
6,229.42,3.19
6,229.55,2.88
6,229.68,2.57
6,229.81,2.26
6,229.94,1.95
6,230.07,1.64
6,230.2,1.32
6,230.33,1.01
6,230.46,0.7
6,230.59,0.39
6,230.72,0
6,230.85,0
6,230.98,0
6,231.11,0
6,231.24,0
6,231.37,0
6,231.5,0
6,231.63,0
6,231.76,0
6,231.89,0
6,232.02,0
6,232.15,0
6,232.28,0
#MOTOR_B2
-1,34.32,128
-1,34.33,128
-1,34.35,128
-1,34.36,128.01
-1,34.37,128.01
-1,34.39,128.01
-1,34.4,128.01
-1,34.41,128.01
-1,34.43,128.01
-1,34.44,128.02
-1,34.45,128.02
-1,34.47,128.02
-1,34.48,128.02
-1,34.49,128.02
-1,34.5,128.02
-1,34.52,128.03
-1,34.53,128.03
-1,34.54,128.03
-1,34.56,128.03
-1,34.57,128.03
-1,34.58,128.04
-1,34.26,104.06
-1,33.93,80.07
-1,33.61,56.09
-1,33.29,32.1
-1,32.97,8.12
-1,32.64,8.13
-1,32.32,8.13
-1,32,8.13
-1,31.68,8.13
-1,31.35,8.13
-1,31.03,8.14
-1,30.71,8.14
-1,30.39,8.14
-1,30.06,8.14
-1,29.74,8.14
-1,29.42,8.14
-1,29.1,8.15
-1,28.77,8.15
-1,28.45,8.15
-1,28.13,8.15
-1,27.81,8.15
-1,27.48,8.15
-1,27.16,8.16
-1,26.84,8.16
-1,26.52,8.16
-1,26.19,8.16
-1,25.87,8.16
-1,25.55,8.17
-1,25.23,8.17
-1,24.9,8.17
-1,24.58,8.17
-1,24.26,8.17
-1,23.94,8.17
-1,23.61,8.18
-1,23.29,8.18
-1,22.97,8.18
-1,22.65,8.18
-1,22.32,8.18
-1,22,8.19
-1,21.68,8.19
-1,21.35,8.19
-1,21.03,8.19
-1,20.71,8.19
-1,20.39,8.19
-1,20.06,8.2
-1,19.74,8.2
-1,19.42,8.2
-1,19.1,8.2
-1,18.77,8.2
-1,18.45,8.2
-1,18.13,8.21
-1,17.81,8.21
-1,17.48,8.21
-1,17.16,8.21
-1,16.84,8.21
-1,16.52,8.22
-1,16.19,8.22
-1,15.87,8.22
-1,15.55,8.22
-1,15.23,8.22
-1,14.9,8.22
-1,14.58,8.23
-1,14.26,8.23
-1,13.94,8.23
-1,13.61,8.23
-1,13.29,8.23
-1,12.97,8.24
-1,12.65,8.24
-1,12.32,8.24
-1,12,8.24
-1,11.68,8.24
-1,11.36,8.24
-1,11.03,8.25
-1,10.71,6.72
-1,10.39,5.19
-1,10.07,3.66
-1,9.74,2.13
-1,9.42,0.6
3,100,0.61
3,100,0.61
3,53.14,0.61
3,53.81,0.61
3,54.49,0.61
3,55.16,0.62
3,55.84,0.62
3,56.51,0.62
3,57.18,0.62
3,57.86,0.62
3,58.53,0.62
3,59.21,0.63
3,59.88,0.63
3,60.55,0.63
3,61.23,0.63
3,61.9,0.63
3,62.58,0.64
3,63.25,0.64
3,63.92,0.64
3,64.6,0.64
3,65.27,0.64
3,65.95,0.64
3,66.62,0.65
3,67.29,0.65
3,67.97,0.65
3,68.64,0.65
3,69.32,0.65
3,69.99,0.65
3,70.66,0.66
3,71.34,0.66
3,72.01,0.66
3,72.69,0.66
3,73.36,0.66
3,74.03,0.66
3,74.71,0.65
3,75.38,0.65
3,76.06,0.65
3,76.73,0.64
3,77.4,0.64
3,78.08,0.63
3,78.75,0.63
3,79.43,0.63
3,80.1,0.62
3,80.77,0.62
3,81.45,0.62
3,82.12,0.61
3,82.8,0.61
3,83.47,0.6
3,84.14,0.6
3,84.82,0.6
3,85.49,0.59
3,86.16,0.59
3,86.84,0.59
3,87.51,0.58
3,88.19,0.58
3,88.86,0.57
3,89.53,0.57
3,90.21,0.57
3,90.88,0.56
3,91.56,0.56
3,92.23,0.56
3,92.9,0.55
3,93.58,0.55
3,94.25,0.54
3,94.93,0.54
3,95.6,0.54
3,96.27,0.53
3,96.95,0.53
3,97.62,0.53
3,98.3,0.52
3,98.97,0.52
3,99.64,0.52
3,100.32,0.51
3,100.99,0.51
3,101.67,0.5
3,102.34,0.5
3,103.01,0.5
3,103.69,0.49
3,104.36,0.49
3,105.04,0.49
3,105.71,0.48
3,106.38,0.48
3,107.06,0.47
3,107.73,0.47
3,108.41,0.47
3,109.08,0.46
3,109.75,0.46
3,110.43,0.46
3,111.1,0.45
3,111.78,0.45
3,112.45,0.44
3,113.12,0.44
3,113.8,0.44
3,114.47,0.43
3,115.15,0.43
3,115.82,0.43
3,116.49,0.42
3,117.17,0.42
3,117.84,0.41
3,118.52,0.41
3,119.19,0.41
3,100,0.4
3,75.81,0.4
3,76.03,0.4
3,76.25,0.39
3,76.47,0.39
3,76.7,0.39
3,76.92,0.38
3,77.14,0.38
3,77.36,0.37
3,77.58,0.37
3,77.8,0.37
3,78.03,0.36
3,78.25,0.36
3,78.47,0.36
3,78.69,0.35
3,78.91,0.35
3,79.13,0.34
3,79.36,0.34
3,79.58,0.34
3,79.8,0.33
3,80.02,0.33
3,80.24,0.33
3,80.46,0.32
3,80.68,0.32
3,80.91,0.31
3,81.13,0.31
3,81.35,0.31
3,81.57,0.3
3,81.79,0.3
3,82.01,0.3
3,82.24,0.29
3,82.46,0.29
3,82.68,0.28
3,82.9,0.28
3,83.12,0.28
3,83.34,0.27
3,83.57,0.27
3,83.79,0.27
3,84.01,0.26
3,84.23,0.26
3,84.45,0.26
3,84.67,0.25
3,84.89,0.25
3,85.12,0.24
3,85.34,0.24
3,85.56,0.24
3,85.78,0.23
3,86,0.23
3,86.22,0.23
3,86.45,0.22
3,86.67,0.22
3,86.89,0.21
3,87.11,0.21
3,87.33,0.21
3,87.55,0.2
3,87.77,0.2
3,88,0.2
3,88.22,0.19
3,88.44,0.19
3,88.66,0.18
3,88.88,0.18
3,89.1,0.18
3,89.33,0.17
3,89.55,0.17
3,89.77,0.17
3,89.99,0.16
3,90.21,0.16
3,90.43,0.15
3,90.66,0.15
3,90.88,0.15
3,91.1,0.14
3,91.32,0.14
3,91.54,0.14
3,91.76,0.13
3,91.98,0.13
3,92.21,0.13
3,92.43,0.12
3,92.65,0.12
3,92.87,0.11
3,93.09,0.11
3,93.31,0.11
3,93.54,0.1
3,93.76,0.1
3,93.98,0.1
3,94.2,0.09
3,94.42,0.09
3,94.64,0.08
3,94.87,0.08
3,95.09,0.08
3,95.31,0.07
3,95.53,0.07
3,95.75,0.07
3,95.97,0.06
3,96.19,0.06
3,96.42,0.05
3,96.64,0.05
3,96.86,0.05
3,97.08,0.04
3,97.3,0.04
3,97.52,0.04
3,97.75,0.03
3,97.97,0.03
3,98.19,0.02
3,98.41,0.02
3,98.63,0.02
3,98.85,0.01
3,99.08,0.01
3,99.3,0.03
3,99.52,0.04
3,99.74,0.06
-1,99.75,0.08
-1,99.75,0.1
-1,99.76,0.11
-1,99.77,0.13
-1,99.77,0.15
-1,99.78,0.17
-1,99.78,0.18
-1,99.79,0.2
-1,99.8,0.22
-1,99.8,0.23
-1,99.81,0.25
-1,99.82,0.27
-1,99.82,0.29
-1,99.83,0.3
-1,99.83,0.32
-1,99.84,0.34
-1,99.85,0.36
-1,99.85,0.37
-1,99.86,128
-1,99.87,127.89
-1,99.87,127.78
-1,99.88,127.68
-1,99.89,127.57
-1,99.89,127.46
-1,99.9,127.35
-1,99.9,127.24
-1,99.91,127.14
-1,99.92,127.03
-1,99.92,126.92
-1,99.93,126.81
-1,99.94,126.7
-1,99.94,126.6
-1,99.95,126.49
-1,99.95,126.38
-1,99.96,126.27
-1,99.97,126.16
-1,99.97,126.06
-1,99.98,125.95
-1,99.99,125.84
-1,99.99,125.73
-1,100,125.62
-1,100.01,125.52
-1,100.01,125.41
-1,100.02,125.3
-1,100.02,125.19
-1,100.03,125.08
-1,100.04,124.97
-1,100.04,124.87
-1,100.05,124.76
-1,100.06,124.65
-1,100.06,124.54
-1,100.07,124.43
-1,100.07,124.33
-1,100.08,124.22
-1,100.09,124.11
-1,100.09,124
-1,100.1,123.89
-1,100.11,123.79
-1,100.11,123.68
-1,100.12,123.57
-1,100.13,123.46
-1,100.13,123.35
-1,100.14,123.25
-1,100.14,123.14
-1,100.15,123.03
-1,100.16,122.92
-1,100.16,122.81
-1,100.17,122.71
-1,100.18,122.6
-1,100.18,122.49
-1,100.19,122.38
-1,100.19,122.27
-1,100.2,122.17
-1,100.21,122.06
-1,100.21,121.95
-1,100.22,121.84
-1,100.23,121.73
-1,100.23,121.63
-1,100.24,121.52
-1,100.25,121.41
-1,100.25,121.3
-1,100.26,121.19
-1,100.26,121.09
-1,100.27,120.98
-1,100.28,120.87
-1,100.28,120.76
-1,100.29,120.65
-1,100.3,120.55
-1,100.3,120.44
-1,100.31,120.33
-1,100.32,120.22
-1,100.32,120.11
-1,100.33,120.01
-1,100.33,119.9
-1,100.34,119.79
-1,100.35,119.68
-1,100.35,119.57
-1,100.36,119.46
-1,100.37,119.36
-1,100.37,119.25
-1,100.38,119.14
-1,100.38,119.03
-1,100.39,118.92
-1,100.4,118.82
-1,100.4,118.71
-1,100.41,118.6
-1,100.42,118.49
-1,100.42,118.38
-1,100.43,118.28
-1,100.44,118.17
-1,100.44,118.06
-1,100.45,117.95
-1,100.45,117.84
-1,100.46,117.74
-1,100.47,117.63
-1,100.47,117.52
-1,100.48,117.41
-1,100.49,117.3
-1,100.49,117.2
-1,100.5,117.09
-1,100.5,116.98
-1,100.51,116.87
-1,100.52,116.76
-1,100.52,116.66
-1,100.53,116.55
-1,100.54,116.44
-1,100.54,116.33
-1,100.55,116.22
-1,100.56,116.12
-1,100.56,116.01
-1,100.57,115.9
-1,100.57,115.79
-1,100.58,115.68
-1,100.59,115.58
-1,100.59,115.47
-1,100.6,115.36
-1,100.61,115.25
-1,100.61,115.14
-1,100.62,115.04
-1,100.62,114.93
-1,100.63,114.82
-1,100.64,114.71
-1,100.64,114.6
-1,100.65,114.49
-1,100.66,114.39
-1,100.66,114.28
-1,100.67,114.17
-1,100.68,114.06
-1,100.68,113.95
-1,100.69,113.85
-1,100.69,113.74
-1,100.7,113.63
-1,100.71,113.52
-1,100.71,113.41
-1,100.72,113.31
-1,100.73,113.2
-1,100.73,113.09
-1,100.74,112.98
-1,100.74,112.87
-1,100.75,112.77
-1,100.76,112.66
-1,100.76,112.55
-1,100.77,112.44
-1,100.78,112.33
-1,100.78,112.23
-1,100.79,112.12
-1,100.8,112.01
-1,100.8,111.9
-1,100.81,111.79
-1,100.81,111.69
-1,100.82,111.58
-1,100.83,111.47
-1,100.83,111.36
-1,100.84,111.25
-1,100.85,111.15
-1,100.85,111.04
-1,100.86,110.93
-1,100.86,110.82
-1,100.87,110.71
-1,100.88,110.61
-1,100.88,110.5
-1,100.89,110.39
-1,100.9,110.28
-1,100.9,110.17
-1,100.91,110.07
-1,100.92,109.96
-1,100.92,109.85
-1,100.93,109.74
-1,100.93,109.63
-1,100.94,109.53
-1,100.95,109.42
-1,100.95,109.31
-1,100.96,109.2
-1,100.97,109.09
-1,100.97,108.98
-1,100.98,108.88
-1,100.98,108.77
-1,100.99,108.66
-1,101,108.55
-1,101,108.44
-1,101.01,108.34
-1,101.02,108.23
-1,101.02,108.12
-1,101.03,108.01
-1,101.04,107.9
-1,101.04,107.8
-1,101.05,107.69
-1,101.05,107.58
-1,101.06,107.47
-1,101.07,107.36
-1,101.07,107.26
-1,101.08,107.15
-1,101.09,107.04
-1,101.09,106.93
-1,101.1,106.82
-1,101.11,106.72
-1,101.11,106.61
-1,101.12,106.5
-1,101.12,106.39
-1,101.13,106.28
-1,101.14,106.18
-1,101.14,106.07
-1,101.15,105.96
-1,101.16,105.85
-1,101.16,105.74
-1,101.17,105.64
-1,101.17,105.53
-1,101.18,105.42
-1,101.19,105.31
-1,101.19,105.2
-1,101.2,105.1
-1,101.21,104.99
-1,101.21,104.88
-1,101.22,104.77
-1,101.23,104.66
-1,101.23,104.56
-1,101.24,104.45
-1,101.24,104.34
-1,101.25,104.23
-1,101.26,104.12
-1,101.26,104.02
-1,101.27,103.91
-1,101.28,103.8
-1,101.28,103.69
-1,101.29,103.58
-1,101.29,103.47
-1,101.3,103.37
-1,101.31,103.26
-1,101.31,103.15
-1,101.32,103.04
-1,101.33,102.93
-1,101.33,102.83
-1,101.34,102.72
-1,101.35,102.61
-1,101.35,102.5
-1,101.36,102.39
-1,101.36,102.29
-1,101.37,102.18
-1,101.38,102.07
-1,101.38,101.96
-1,101.39,101.85
-1,101.4,101.75
-1,101.4,101.64
-1,101.41,101.53
-1,101.41,101.42
-1,101.42,101.31
-1,101.43,101.21
-1,101.43,101.1
-1,101.44,100.99
-1,101.45,100.88
-1,101.45,100.77
-1,101.46,100.67
-1,101.47,100.56
-1,101.47,100.45
-1,101.48,100.34
-1,101.48,100.23
-1,101.49,100.13
-1,101.5,100.02
-1,101.5,99.91
-1,101.51,99.8
-1,101.52,99.69
-1,101.52,99.59
-1,101.53,99.48
-1,101.53,99.37
-1,101.54,99.26
-1,101.55,99.15
-1,101.55,99.05
-1,101.56,98.94
-1,101.57,98.83
-1,101.57,98.72
-1,101.58,98.61
-1,101.59,98.5
-1,101.59,98.4
-1,101.6,98.29
-1,101.6,98.18
-1,101.61,98.07
-1,101.62,97.96
-1,101.62,97.86
-1,101.63,97.75
-1,101.64,97.64
-1,101.64,97.53
-1,101.65,97.42
-1,101.65,97.32
-1,101.66,97.21
-1,101.67,97.1
-1,101.67,96.99
-1,101.68,96.88
-1,101.69,96.78
-1,101.69,96.67
-1,101.7,96.56
-1,101.71,96.45
-1,101.71,96.34
-1,101.72,96.24
-1,101.72,96.13
-1,101.73,96.02
-1,101.74,95.91
-1,101.74,95.8
-1,101.75,95.7
-1,101.76,95.59
-1,101.76,95.48
-1,101.77,95.37
-1,101.77,95.26
-1,101.78,95.16
-1,101.79,95.05
-1,101.79,94.94
-1,101.8,94.83
-1,101.81,94.72
-1,101.81,94.62
-1,101.82,94.51
-1,101.83,94.4
-1,101.83,94.29
-1,101.84,94.18
-1,101.84,94.08
-1,101.85,93.97
-1,101.86,93.86
-1,101.86,93.75
-1,101.87,93.64
-1,101.88,93.54
-1,101.88,93.43
-1,101.89,93.32
-1,101.89,93.21
-1,101.9,93.1
-1,101.91,92.99
-1,101.91,92.89
-1,101.92,92.78
-1,101.93,92.67
-1,101.93,92.56
-1,101.94,92.45
-1,101.95,92.35
-1,101.95,92.24
-1,101.96,92.13
-1,101.96,92.02
-1,101.97,91.91
-1,101.98,91.81
-1,101.98,91.7
-1,101.99,91.59
-1,102,91.48
-1,102,91.37
-1,102.01,91.27
-1,102.02,91.16
-1,102.02,91.05
-1,102.03,90.94
-1,102.03,90.83
-1,102.04,90.73
-1,102.05,90.62
-1,102.05,90.51
-1,102.06,90.4
-1,102.07,90.29
-1,102.07,90.19
-1,102.08,90.08
-1,102.08,89.97
-1,102.09,89.86
-1,102.1,89.75
-1,102.1,89.65
-1,102.11,89.54
-1,102.12,89.43
-1,102.12,89.32
-1,102.13,89.21
-1,102.14,89.11
-1,102.14,89
-1,102.15,88.89
-1,102.15,88.78
-1,102.16,88.67
-1,102.17,88.57
-1,102.17,88.46
-1,102.18,88.35
-1,102.19,88.24
-1,102.19,88.13
-1,102.2,88.03
-1,102.2,87.92
-1,102.21,87.81
-1,102.22,87.7
-1,102.22,87.59
-1,102.23,87.48
-1,102.24,87.38
-1,102.24,87.27
-1,102.25,87.16
-1,102.26,87.05
-1,102.26,86.94
-1,102.27,86.84
-1,102.27,86.73
-1,102.28,86.62
-1,102.29,86.51
-1,102.29,86.4
-1,102.3,86.3
-1,102.31,86.19
-1,102.31,86.08
-1,102.32,85.97
-1,102.32,85.86
-1,102.33,85.76
-1,102.34,85.65
-1,102.34,85.54
-1,102.35,85.43
-1,102.36,85.32
-1,102.36,85.22
-1,102.37,85.11
-1,102.38,85
-1,102.38,84.89
-1,102.39,84.78
-1,102.39,84.68
-1,102.4,84.57
-1,102.41,84.46
-1,102.41,84.35
-1,102.42,84.24
-1,102.43,84.14
-1,102.43,84.03
-1,102.44,83.92
-1,102.44,83.81
-1,102.45,83.7
7,102.46,83.6
7,102.46,83.49
7,100,83.38
7,100.12,83.27
7,100.23,83.16
7,100.35,83.06
7,100.46,82.95
7,100.58,82.84
7,100.69,82.73
7,100.81,82.62
7,100.92,82.51
7,101.04,82.41
7,101.16,82.3
7,101.27,82.19
7,101.39,82.08
7,101.5,81.97
7,101.62,81.87
7,101.73,81.76
7,101.85,81.65
7,101.96,81.54
7,102.08,81.43
7,102.19,81.33
7,102.31,81.22
7,102.43,81.11
7,102.54,81
7,102.66,80.89
7,102.77,80.79
7,102.89,80.68
7,103,80.57
7,103.12,80.46
7,103.23,80.35
7,103.35,80.25
7,103.47,80.14
7,103.58,80.03
7,103.7,79.92
7,103.81,79.81
7,103.93,79.71
7,104.04,79.6
7,104.16,79.49
7,104.27,79.38
7,104.39,79.27
7,104.5,79.17
7,104.62,79.06
7,104.74,78.95
7,104.85,78.84
7,104.97,78.73
7,105.08,78.63
7,105.2,78.52
7,105.31,78.41
7,105.43,78.3
7,105.54,78.19
7,105.66,78.09
7,105.78,77.98
7,105.89,77.87
7,106.01,77.76
7,106.12,77.65
7,106.24,77.55
7,106.35,77.44
7,106.47,77.33
7,106.58,77.22
7,106.7,77.11
7,106.81,77
7,106.93,76.9
7,107.05,76.79
7,107.16,76.68
7,107.28,76.57
7,107.39,76.46
7,107.51,76.36
7,107.62,76.25
7,107.74,76.14
7,107.85,76.03
7,107.97,75.92
7,108.09,75.82
7,108.2,75.71
7,108.32,75.6
7,108.43,75.49
7,108.55,75.38
7,108.66,75.28
7,108.78,75.17
7,108.89,75.06
7,109.01,74.95
7,109.12,74.84
7,109.24,74.74
7,109.36,74.63
7,109.47,74.52
7,109.59,74.41
7,109.7,74.3
7,109.82,74.2
7,109.93,74.09
7,110.05,73.98
7,110.16,73.87
7,110.28,73.76
7,110.4,73.66
7,110.51,73.55
7,110.63,73.44
7,110.74,73.33
7,110.86,73.22
7,110.97,73.12
7,111.09,73.01
7,111.2,72.9
7,111.32,72.79
7,111.44,72.68
7,111.55,72.58
7,111.67,72.47
7,111.78,72.36
7,111.9,72.25
7,112.01,72.14
7,112.13,72.04
7,112.24,71.93
7,112.36,71.82
7,112.47,71.71
7,112.59,71.6
7,112.71,71.49
7,112.82,71.39
7,112.94,71.28
7,113.05,71.17
7,113.17,71.06
7,113.28,70.95
7,113.4,70.85
7,113.51,70.74
7,113.63,70.63
7,113.75,70.52
7,113.86,70.41
7,113.98,70.31
7,114.09,70.2
7,114.21,70.09
7,114.32,69.98
7,114.44,69.87
7,114.55,69.77
7,114.67,69.66
7,114.78,69.55
7,114.9,69.44
7,115.02,69.33
7,115.13,69.23
7,115.25,69.12
7,115.36,69.01
7,115.48,68.9
7,115.59,68.79
7,115.71,68.69
7,115.82,68.58
7,115.94,68.47
7,116.06,68.36
7,116.17,68.25
7,116.29,68.15
7,116.4,68.04
7,116.52,67.93
7,116.63,67.82
7,116.75,67.71
7,116.86,67.61
7,116.98,67.5
7,117.09,67.39
7,117.21,67.28
7,117.33,67.17
7,117.44,67.07
7,117.56,66.96
7,117.67,66.85
7,117.79,66.74
7,117.9,66.63
7,118.02,66.53
7,118.13,66.42
7,118.25,66.31
7,118.37,66.2
7,118.48,66.09
7,118.6,65.98
7,118.71,65.88
7,118.83,65.77
7,118.94,65.66
7,119.06,65.55
7,119.17,65.44
7,119.29,65.34
7,119.41,65.23
7,119.52,65.12
7,119.64,65.01
7,119.75,64.9
7,119.87,64.8
7,119.98,64.69
7,120.1,64.58
7,120.21,64.47
7,120.33,64.36
7,120.44,64.26
7,120.56,64.15
7,120.68,64.04
7,120.79,63.93
7,120.91,63.82
7,121.02,63.72
7,121.14,63.61
7,121.25,63.5
7,121.37,63.39
7,121.48,63.28
7,121.6,63.18
7,121.72,63.07
7,121.83,62.96
7,121.95,62.85
7,122.06,62.74
7,122.18,62.64
7,122.29,62.53
7,122.41,62.42
7,122.52,62.31
7,122.64,62.2
7,122.75,62.1
7,122.87,61.99
7,122.99,61.88
7,123.1,61.77
7,123.22,61.66
7,123.33,61.56
7,123.45,61.45
7,123.56,61.34
7,123.68,61.23
7,123.79,61.12
7,123.91,61.01
7,124.03,60.91
7,124.14,60.8
7,124.26,60.69
7,124.37,60.58
7,124.49,60.47
7,124.6,60.37
7,124.72,60.26
7,124.83,60.15
7,124.95,60.04
7,125.06,59.93
7,125.18,59.83
7,125.3,59.72
7,125.41,59.61
7,125.53,59.5
7,125.64,59.39
7,125.76,59.29
7,125.87,59.18
7,125.99,59.07
7,126.1,58.96
7,126.22,58.85
7,126.34,58.75
7,126.45,58.64
7,126.57,58.53
7,126.68,58.42
7,126.8,58.31
7,126.91,58.21
7,127.03,58.1
7,127.14,57.99
7,127.26,57.88
7,127.37,57.77
7,127.49,57.67
7,127.61,57.56
7,127.72,57.45
7,127.84,57.34
7,127.95,57.23
7,128.07,57.13
7,128.18,57.02
7,128.3,56.91
7,128.41,56.8
7,128.53,56.69
7,128.65,56.59
7,128.76,56.48
7,128.88,56.37
7,128.99,56.26
7,129.11,56.15
7,129.22,56.05
7,129.34,55.94
7,129.45,55.83
7,129.57,55.72
7,129.69,55.61
7,129.8,55.5
7,129.92,55.4
7,130.03,55.29
7,130.15,55.18
7,130.26,55.07
7,130.38,54.96
7,130.49,54.86
7,130.61,54.75
7,130.72,54.64
7,130.84,54.53
7,130.96,54.42
7,131.07,54.32
7,131.19,54.21
7,131.3,54.1
7,131.42,53.99
7,131.53,53.88
7,131.65,53.78
7,131.76,53.67
7,131.88,53.56
7,132,53.45
7,132.11,53.34
7,132.23,53.24
7,132.34,53.13
7,132.46,53.02
7,132.57,52.91
7,132.69,52.8
7,132.8,52.7
7,132.92,52.59
7,133.03,52.48
7,133.15,52.37
7,133.27,52.26
7,133.38,52.16
7,133.5,52.05
7,133.61,51.94
7,133.73,51.83
7,133.84,51.72
7,133.96,51.62
7,134.07,51.51
7,134.19,51.4
7,134.31,51.29
7,134.42,51.18
7,134.54,51.08
7,134.65,50.97
7,134.77,50.86
7,134.88,50.75
7,135,50.64
7,135.11,50.54
7,135.23,50.43
7,135.34,50.32
7,135.46,50.21
7,135.58,50.1
7,135.69,49.99
7,135.81,49.89
7,135.92,49.78
7,136.04,49.67
7,136.15,49.56
7,136.27,49.45
7,136.38,49.35
7,136.5,49.24
7,136.62,49.13
7,136.73,49.02
7,136.85,48.91
7,136.96,48.81
7,137.08,48.7
7,137.19,48.59
7,137.31,48.48
7,137.42,48.37
7,137.54,48.27
7,137.66,48.16
7,137.77,48.05
7,137.89,47.94
7,138,47.83
7,138.12,47.73
7,138.23,47.62
7,138.35,47.51
7,138.46,47.4
7,138.58,47.29
7,138.69,47.19
7,138.81,47.08
7,138.93,46.97
7,139.04,46.86
7,139.16,46.75
7,139.27,46.65
7,139.39,46.54
7,139.5,46.43
7,139.62,46.32
7,139.73,46.21
7,139.85,46.11
7,139.97,46
7,140.08,45.89
7,140.2,45.78
7,140.31,45.67
7,140.43,45.57
7,140.54,45.46
7,140.66,45.35
7,140.77,45.24
7,140.89,45.13
7,141,45.02
7,141.12,44.92
7,141.24,44.81
7,141.35,44.7
7,141.47,44.59
7,141.58,44.48
7,141.7,44.38
7,141.81,44.27
7,141.93,44.16
7,142.04,44.05
7,142.16,43.94
7,142.28,43.84
7,142.39,43.73
7,142.51,43.62
7,142.62,43.51
7,142.74,43.4
7,142.85,43.3
7,142.97,43.19
7,143.08,43.08
7,143.2,42.97
7,143.31,42.86
7,143.43,42.76
7,143.55,42.65
7,143.66,42.54
7,143.78,42.43
7,143.89,42.32
7,144.01,42.22
7,144.12,42.11
7,144.24,42
7,144.35,41.89
7,144.47,41.78
7,144.59,41.68
7,144.7,41.57
7,144.82,41.46
7,144.93,41.35
7,145.05,41.24
7,145.16,41.14
7,145.28,41.03
7,145.39,40.92
7,145.51,40.81
7,145.62,40.7
7,145.74,40.6
7,145.86,40.49
7,145.97,40.38
7,146.09,40.27
7,146.2,40.16
7,146.32,40.06
7,146.43,39.95
7,146.55,39.84
7,146.66,39.73
7,146.78,39.62
7,146.9,39.51
7,147.01,39.41
7,147.13,39.3
7,147.24,39.19
7,147.36,39.08
7,147.47,38.97
7,147.59,38.87
7,147.7,38.76
7,147.82,38.65
7,147.94,38.54
7,148.05,38.43
7,148.17,38.33
7,148.28,38.22
7,148.4,38.11
7,148.51,38
7,148.63,37.89
7,148.74,37.79
7,148.86,37.68
7,148.97,37.57
7,149.09,37.46
7,149.21,37.35
7,149.32,37.25
7,149.44,37.14
7,149.55,37.03
7,149.67,36.92
7,149.78,36.81
7,149.9,36.71
7,150.01,36.6
7,150.13,36.49
7,150.25,36.38
7,150.36,36.27
7,150.48,36.17
7,150.59,36.06
7,150.71,35.95
7,150.82,35.84
7,150.94,35.73
7,151.05,35.63
7,151.17,35.52
7,151.28,35.41
7,151.4,35.3
7,151.52,35.19
7,151.63,35.09
7,151.75,34.98
7,151.86,34.87
7,151.98,34.76
7,152.09,34.65
7,152.21,34.55
7,152.32,34.44
7,152.44,34.33
7,152.56,34.22
7,152.67,34.11
7,152.79,34
7,152.9,33.9
7,153.02,33.79
7,153.13,33.68
7,153.25,33.57
7,153.36,33.46
7,153.48,33.36
7,153.59,33.25
7,153.71,33.14
7,153.83,33.03
7,153.94,32.92
7,154.06,32.82
7,154.17,32.71
7,154.29,32.6
7,154.4,32.49
7,154.52,32.38
7,154.63,32.28
7,154.75,32.17
7,154.87,32.06
7,154.98,31.95
7,155.1,31.84
7,155.21,31.74
7,155.33,31.63
7,155.44,31.52
7,155.56,31.41
7,155.67,31.3
7,155.79,31.2
7,155.91,31.09
7,156.02,30.98
7,156.14,30.87
7,156.25,30.76
7,156.37,30.66
7,156.48,30.55
7,156.6,30.44
7,156.71,30.33
7,156.83,30.22
7,156.94,30.12
7,157.06,30.01
7,157.18,29.9
7,157.29,29.79
7,157.41,29.68
7,157.52,29.58
7,157.64,29.47
7,157.75,29.36
7,157.87,29.25
7,157.98,29.14
7,158.1,29.03
7,158.22,28.93
7,158.33,28.82
7,158.45,28.71
7,158.56,28.6
7,158.68,28.49
7,158.79,28.39
7,158.91,28.28
7,159.02,28.17
7,159.14,28.06
7,159.25,27.95
7,159.37,27.85
7,159.49,27.74
7,159.6,27.63
7,159.72,27.52
7,159.83,27.41
7,159.95,27.31
7,160.06,27.2
7,160.18,27.09
7,160.29,26.98
7,160.41,26.87
7,160.53,26.77
7,160.64,26.66
7,160.76,26.55
7,160.87,26.44
7,160.99,26.33
7,161.1,26.23
7,161.22,26.12
7,161.33,26.01
7,161.45,25.9
7,161.56,25.79
7,161.68,25.69
7,161.8,25.58
7,161.91,25.47
7,162.03,25.36
7,162.14,25.25
7,162.26,25.15
7,162.37,25.04
7,162.49,24.93
7,162.6,24.82
7,162.72,24.71
7,162.84,24.61
7,162.95,24.5
7,163.07,24.39
7,163.18,24.28
7,163.3,24.17
7,163.41,24.07
7,163.53,23.96
7,163.64,23.85
7,163.76,23.74
7,163.87,23.63
7,163.99,23.52
7,164.11,23.42
7,164.22,23.31
7,164.34,23.2
7,164.45,23.09
7,164.57,22.98
7,164.68,22.88
7,164.8,22.77
7,164.91,22.66
7,165.03,22.55
7,165.15,22.44
7,165.26,22.34
7,165.38,22.23
7,165.49,22.12
7,165.61,22.01
7,165.72,21.9
7,165.84,21.8
7,165.95,21.69
7,166.07,21.58
7,166.19,21.47
7,166.3,21.36
7,166.42,21.26
7,166.53,21.15
7,166.65,21.04
7,166.76,20.93
7,166.88,20.82
7,166.99,20.72
7,167.11,20.61
7,167.22,20.5
7,167.34,20.39
7,167.46,20.28
7,167.57,20.18
7,167.69,20.07
7,167.8,19.96
7,167.92,19.85
7,168.03,19.74
7,168.15,19.64
7,168.26,19.53
7,168.38,19.42
7,168.5,19.31
7,168.61,19.2
7,168.73,19.1
7,168.84,18.99
7,168.96,18.88
7,169.07,18.77
7,169.19,18.66
7,169.3,18.56
7,169.42,18.45
7,169.53,18.34
7,169.65,18.23
7,169.77,18.12
7,169.88,18.01
7,170,17.91
7,170.11,17.8
7,170.23,17.69
7,170.34,17.58
7,170.46,17.47
7,170.57,17.37
7,170.69,17.26
7,170.81,17.15
7,170.92,17.04
7,171.04,16.93
7,171.15,16.83
7,171.27,16.72
7,171.38,16.61
7,171.5,16.5
7,171.61,16.39
7,171.73,16.29
7,171.84,16.18
7,171.96,16.07
7,172.08,15.96
7,172.19,15.85
7,172.31,15.75
7,172.42,15.64
7,172.54,15.53
7,172.65,15.42
7,172.77,15.31
7,172.88,15.21
7,173,15.1
7,173.12,14.99
7,173.23,14.88
7,173.35,14.77
7,173.46,14.67
7,173.58,14.56
7,173.69,14.45
7,173.81,14.34
7,173.92,14.23
7,174.04,14.13
7,174.15,14.02
7,174.27,13.91
7,174.39,13.8
7,174.5,13.69
7,174.62,13.59
7,174.73,13.48
7,174.85,13.37
7,174.96,13.26
7,175.08,13.15
7,175.19,13.05
7,175.31,12.94
7,175.43,12.83
7,175.54,12.72
7,175.66,12.61
7,175.77,12.5
7,175.89,12.4
7,176,12.29
7,176.12,12.18
7,176.23,12.07
7,176.35,11.96
7,176.47,11.86
7,176.58,11.75
7,176.7,11.64
7,176.81,11.53
7,176.93,11.42
7,177.04,11.32
7,177.16,11.21
7,177.27,11.1
7,177.39,10.99
7,177.5,10.88
7,177.62,10.78
7,177.74,10.67
7,177.85,10.56
7,177.97,10.45
7,178.08,10.34
7,178.2,10.24
7,178.31,10.13
7,178.43,10.02
7,178.54,9.91
7,178.66,9.8
7,178.78,9.7
7,178.89,9.59
7,179.01,9.48
7,179.12,9.37
7,179.24,9.26
7,179.35,9.16
7,179.47,9.05
7,179.58,8.94
7,179.7,8.83
7,179.81,8.72
7,179.93,8.62
7,180.05,8.51
7,180.16,8.4
7,180.28,8.29
7,180.39,8.18
7,180.51,8.08
7,180.62,7.97
7,180.74,7.86
7,180.85,7.75
7,180.97,7.64
7,181.09,7.53
7,181.2,7.43
7,181.32,7.32
7,181.43,7.21
7,181.55,7.1
7,181.66,6.99
7,181.78,6.89
7,181.89,6.78
7,182.01,6.67
7,182.12,6.56
7,182.24,6.45
7,182.36,6.35
7,182.47,6.24
7,182.59,6.13
7,182.7,6.02
7,182.82,5.91
7,182.93,5.81
7,183.05,5.7
7,183.16,5.59
7,183.28,5.48
7,183.4,5.37
7,183.51,5.27
7,183.63,5.16
7,183.74,5.05
7,183.86,4.94
7,183.97,4.83
7,184.09,4.73
7,184.2,4.62
7,184.32,4.51
7,184.44,4.4
7,184.55,4.29
7,184.67,4.19
7,184.78,4.08
7,184.9,3.97
7,185.01,3.86
7,185.13,3.75
7,185.24,3.65
7,185.36,3.54
7,185.47,3.43
7,185.59,3.32
7,185.71,3.21
7,185.82,3.11
7,185.94,3
7,186.05,2.89
7,186.17,2.78
7,186.28,2.67
7,186.4,2.57
7,186.51,2.46
7,186.63,2.35
7,186.75,2.24
7,186.86,2.13
7,186.98,2.02
7,187.09,1.92
7,187.21,1.81
7,187.32,1.7
7,187.44,1.59
7,187.55,1.48
7,187.67,1.38
